0x71E 0 0 0 0
0x0 0 1822 -6 0
0x1 0 0 0 0
0xFFF9 5 1 0 0
0x80 -6 -7 5 0
0x0 0 1309 -6 0
0x1 0 0 0 0
0xFFF9 27 1 0 0
0x51E -6 -7 49 0
0x0 0 128 -6 0
0x1 0 0 0 0
0xFFF9 71 1 0 0
0x2CE -6 -7 71 0
0x0 0 1822 -6 0
0x1 0 0 0 0
0xFFFA 5 1 0 0
0x80 -6 -6 5 0
0x0 0 1311 -6 0
0x1 0 0 0 0
0xFFFA 27 1 0 0
0x51E -6 -6 49 0
0x0 0 128 -6 0
0x1 0 0 0 0
0xFFFA 71 1 0 0
0x2D8 -6 -6 71 0
0x0 0 1822 -6 0
0x1 0 0 0 0
0xFFFB 5 1 0 0
0x80 -6 -5 5 0
0x0 0 1311 -6 0
0x1 0 0 0 0
0xFFFB 27 1 0 0
0x51F -6 -5 49 0
0x0 0 128 -6 0
0x1 0 0 0 0
0xFFFB 71 1 0 0
0x2D8 -6 -5 71 0
0x0 0 1822 -6 0
0x1 0 0 0 0
0xFFFC 5 1 0 0
0x80 -6 -4 5 0
0x0 0 1311 -6 0
0x1 0 0 0 0
0xFFFC 27 1 0 0
0x51F -6 -4 49 0
0x0 0 128 -6 0
0x1 0 0 0 0
0xFFFC 71 1 0 0
0x2D3 -6 -4 71 0
0x0 0 1822 -5 0
0x1 0 0 0 0
0xFFF9 5 1 0 0
0x80 -5 -7 5 0
0x0 0 1311 -5 0
0x1 0 0 0 0
0xFFF9 27 1 0 0
0x520 -5 -7 49 0
0x0 0 128 -5 0
0x1 0 0 0 0
0xFFF9 71 1 0 0
0x2D6 -5 -7 71 0
0x0 0 1822 -5 0
0x1 0 0 0 0
0xFFFA 5 1 0 0
0x51F -5 -6 27 0
0x0 0 1311 -5 0
0x1 0 0 0 0
0xFFFA 71 1 0 0
0x71E -5 -5 0 0
0x0 0 1311 -5 0
0x1 0 0 0 0
0xFFFB 27 1 0 0
0x51F -5 -5 49 0
0x0 0 1311 -5 0
0x1 0 0 0 0
0xFFFC 0 1 0 0
0x51F -5 -4 5 0
0x0 0 1822 -5 0
0x1 0 0 0 0
0xFFFC 10 1 0 0
0x71E -5 -4 15 0
0x0 0 1822 -5 0
0x1 0 0 0 0
0xFFFC 25 1 0 0
0x520 -5 -4 49 0
0x0 0 1822 -5 0
0x1 0 0 0 0
0xFFFC 54 1 0 0
0x71E -5 -4 59 0
0x0 0 1822 -5 0
0x1 0 0 0 0
0xFFFC 69 1 0 0
0x71E -4 -7 0 0
0x0 0 1311 -4 0
0x1 0 0 0 0
0xFFF9 5 1 0 0
0x51D -4 -7 27 0
0x0 0 128 -4 0
0x1 0 0 0 0
0xFFF9 49 1 0 0
0x80 -4 -7 49 0
0x0 0 1309 -4 0
0x1 0 0 0 0
0xFFF9 71 1 0 0
0x71E -4 -6 0 0
0x0 0 1311 -4 0
0x1 0 0 0 0
0xFFFA 27 1 0 0
0x51F -4 -6 49 0
0x0 0 1311 -4 0
0x1 0 0 0 0
0xFFFB 0 1 0 0
0x51F -4 -5 5 0
0x0 0 1309 -4 0
0x1 0 0 0 0
0xFFFB 49 1 0 0
0x51D -4 -5 71 0
0x0 0 1822 -4 0
0x1 0 0 0 0
0xFFFC 5 1 0 0
0x520 -4 -4 27 0
0x0 0 1309 -4 0
0x1 0 0 0 0
0xFFFC 71 1 0 0
0x71E -3 -7 0 0
0x0 0 1311 -3 0
0x1 0 0 0 0
0xFFF9 5 1 0 0
0x520 -3 -7 27 0
0x0 0 128 -3 0
0x1 0 0 0 0
0xFFF9 49 1 0 0
0x80 -3 -7 49 0
0x0 0 1311 -3 0
0x1 0 0 0 0
0xFFF9 71 1 0 0
0x71E -3 -6 0 0
0x0 0 1311 -3 0
0x1 0 0 0 0
0xFFFA 27 1 0 0
0x51F -3 -6 71 0
0x0 0 1822 -3 0
0x1 0 0 0 0
0xFFFB 5 1 0 0
0x520 -3 -5 27 0
0x0 0 1311 -3 0
0x1 0 0 0 0
0xFFFB 71 1 0 0
0x71E -3 -4 0 0
0x0 0 1311 -3 0
0x1 0 0 0 0
0xFFFC 27 1 0 0
0x51F -3 -4 49 0
0x0 0 1311 -3 0
0x1 0 0 0 0
0xFFFD 0 1 0 0
0x51F -6 -3 5 0
0x0 0 128 -6 0
0x1 0 0 0 0
0xFFFD 27 1 0 0
0x80 -6 -3 27 0
0x0 0 1311 -6 0
0x1 0 0 0 0
0xFFFD 49 1 0 0
0x51F -6 -3 71 0
0x0 0 728 -6 0
0x1 0 0 0 0
0xFFFE 0 1 0 0
0x51F -6 -2 5 0
0x0 0 128 -6 0
0x1 0 0 0 0
0xFFFE 27 1 0 0
0x80 -6 -2 27 0
0x0 0 1311 -6 0
0x1 0 0 0 0
0xFFFE 49 1 0 0
0x51F -6 -2 71 0
0x0 0 728 -6 0
0x1 0 0 0 0
0xFFFF 0 1 0 0
0x51D -6 -1 5 0
0x0 0 128 -6 0
0x1 0 0 0 0
0xFFFF 27 1 0 0
0x80 -6 -1 27 0
0x0 0 1311 -6 0
0x1 0 0 0 0
0xFFFF 49 1 0 0
0x51E -6 -1 71 0
0x0 0 723 -6 0
0x1 0 0 0 0
0x0 0 1 0 0
0x51F -6 0 5 0
0x0 0 128 -6 0
0x1 0 0 0 0
0x0 27 1 0 0
0x80 -6 0 27 0
0x0 0 1311 -6 0
0x1 0 0 0 0
0x0 49 1 0 0
0x51F -6 0 71 0
0x0 0 728 -6 0
0x1 0 0 0 0
0x1 0 1 0 0
0x51F -6 1 5 0
0x0 0 128 -6 0
0x1 0 0 0 0
0x1 27 1 0 0
0x80 -6 1 27 0
0x0 0 1311 -6 0
0x1 0 0 0 0
0x1 49 1 0 0
0x51D -6 1 71 0
0x0 0 728 -6 0
0x1 0 0 0 0
0x2 0 1 0 0
0x520 -6 2 5 0
0x0 0 128 -6 0
0x1 0 0 0 0
0x2 27 1 0 0
0x80 -6 2 27 0
0x0 0 1311 -6 0
0x1 0 0 0 0
0x2 49 1 0 0
0x51F -6 2 71 0
0x0 0 723 -6 0
0x1 0 0 0 0
0x3 0 1 0 0
0x51F -6 3 5 0
0x0 0 128 -6 0
0x1 0 0 0 0
0x3 27 1 0 0
0x80 -6 3 27 0
0x0 0 1311 -6 0
0x1 0 0 0 0
0x3 49 1 0 0
0x51F -6 3 71 0
0x0 0 728 -6 0
0x1 0 0 0 0
0x4 0 1 0 0
0x51F -6 4 5 0
0x0 0 128 -6 0
0x1 0 0 0 0
0x4 27 1 0 0
0x80 -6 4 27 0
0x0 0 1311 -6 0
0x1 0 0 0 0
0x4 49 1 0 0
0x51E -6 4 71 0
0x0 0 728 -6 0
0x1 0 0 0 0
0xFFFD 0 1 0 0
0x51F -5 -3 5 0
0x0 0 1822 -5 0
0x1 0 0 0 0
0xFFFD 10 1 0 0
0x71E -5 -3 15 0
0x0 0 1823 -5 0
0x1 0 0 0 0
0xFFFD 49 1 0 0
0x71E -5 -3 49 0
0x0 0 1822 -5 0
0x1 0 0 0 0
0xFFFD 59 1 0 0
0x71F -5 -3 64 0
0x0 0 1822 -5 0
0x1 0 0 0 0
0xFFFE 5 1 0 0
0x71E -5 -2 5 0
0x0 0 1822 -5 0
0x1 0 0 0 0
0xFFFE 15 1 0 0
0x51F -5 -2 49 0
0x0 0 1822 -5 0
0x1 0 0 0 0
0xFFFE 54 1 0 0
0x71F -5 -2 59 0
0x0 0 1822 -5 0
0x1 0 0 0 0
0xFFFF 5 1 0 0
0x71E -5 -1 5 0
0x0 0 1823 -5 0
0x1 0 0 0 0
0xFFFF 49 1 0 0
0x71E -5 -1 49 0
0x0 0 1823 -5 0
0x1 0 0 0 0
0x0 0 1 0 0
0x51F -5 0 5 0
0x0 0 1823 -5 0
0x1 0 0 0 0
0x0 49 1 0 0
0x71F -5 0 49 0
0x0 0 1822 -5 0
0x1 0 0 0 0
0x1 5 1 0 0
0x51F -5 1 49 0
0x0 0 1822 -5 0
0x1 0 0 0 0
0x2 5 1 0 0
0x520 -5 2 27 0
0x0 0 1311 -5 0
0x1 0 0 0 0
0x3 0 1 0 0
0x51F -5 3 5 0
0x0 0 1311 -5 0
0x1 0 0 0 0
0x3 49 1 0 0
0x51D -5 3 71 0
0x0 0 1822 -5 0
0x1 0 0 0 0
0x4 5 1 0 0
0x51F -5 4 27 0
0x0 0 1311 -5 0
0x1 0 0 0 0
0x4 71 1 0 0
0x71E -4 -3 0 0
0x0 0 1310 -4 0
0x1 0 0 0 0
0xFFFD 27 1 0 0
0x51F -4 -3 49 0
0x0 0 1310 -4 0
0x1 0 0 0 0
0xFFFE 0 1 0 0
0x51F -4 -2 5 0
0x0 0 1311 -4 0
0x1 0 0 0 0
0xFFFE 49 1 0 0
0x51F -4 -2 71 0
0x0 0 1822 -4 0
0x1 0 0 0 0
0xFFFF 5 1 0 0
0x51F -4 -1 27 0
0x0 0 1310 -4 0
0x1 0 0 0 0
0xFFFF 71 1 0 0
0x71E -4 0 0 0
0x0 0 1311 -4 0
0x1 0 0 0 0
0x0 27 1 0 0
0x51F -4 0 49 0
0x0 0 1311 -4 0
0x1 0 0 0 0
0x1 0 1 0 0
0x51F -4 1 5 0
0x0 0 1311 -4 0
0x1 0 0 0 0
0x1 49 1 0 0
0x51F -4 1 71 0
0x0 0 1822 -4 0
0x1 0 0 0 0
0x2 5 1 0 0
0x51D -4 2 27 0
0x0 0 1311 -4 0
0x1 0 0 0 0
0x2 71 1 0 0
0x71E -4 3 0 0
0x0 0 1311 -4 0
0x1 0 0 0 0
0x3 27 1 0 0
0x51F -4 3 49 0
0x0 0 1311 -4 0
0x1 0 0 0 0
0x4 0 1 0 0
0x51F -4 4 5 0
0x0 0 1311 -4 0
0x1 0 0 0 0
0x4 49 1 0 0
0x51E -4 4 71 0
0x0 0 1822 -3 0
0x1 0 0 0 0
0xFFFD 5 1 0 0
0x51F -3 -3 27 0
0x0 0 1311 -3 0
0x1 0 0 0 0
0xFFFD 71 1 0 0
0x71E -3 -2 0 0
0x0 0 1310 -3 0
0x1 0 0 0 0
0xFFFE 27 1 0 0
0x51F -3 -2 49 0
0x0 0 1311 -3 0
0x1 0 0 0 0
0xFFFF 0 1 0 0
0x51F -3 -1 5 0
0x0 0 1312 -3 0
0x1 0 0 0 0
0xFFFF 49 1 0 0
0x51F -3 -1 71 0
0x0 0 1822 -3 0
0x1 0 0 0 0
0x0 5 1 0 0
0x51F -3 0 27 0
0x0 0 1311 -3 0
0x1 0 0 0 0
0x0 71 1 0 0
0x71E -3 1 0 0
0x0 0 1311 -3 0
0x1 0 0 0 0
0x1 27 1 0 0
0x51F -3 1 49 0
0x0 0 1311 -3 0
0x1 0 0 0 0
0x2 0 1 0 0
0x51F -3 2 5 0
0x0 0 1310 -3 0
0x1 0 0 0 0
0x2 49 1 0 0
0x51D -3 2 71 0
0x0 0 1822 -3 0
0x1 0 0 0 0
0x3 5 1 0 0
0x51F -3 3 27 0
0x0 0 1311 -3 0
0x1 0 0 0 0
0x3 71 1 0 0
0x71E -3 4 0 0
0x0 0 1311 -3 0
0x1 0 0 0 0
0x4 27 1 0 0
0x520 -3 4 49 0
0x0 0 1311 -3 0
0x1 0 0 0 0
0x5 0 1 0 0
0x51F -6 5 5 0
0x0 0 128 -6 0
0x1 0 0 0 0
0x5 27 1 0 0
0x80 -6 5 27 0
0x0 0 1310 -6 0
0x1 0 0 0 0
0x5 49 1 0 0
0x51D -6 5 71 0
0x0 0 721 -6 0
0x1 0 0 0 0
0x5 0 1 0 0
0x51E -5 5 5 0
0x0 0 128 -5 0
0x1 0 0 0 0
0x5 27 1 0 0
0x80 -5 5 27 0
0x0 0 1309 -5 0
0x1 0 0 0 0
0x5 49 1 0 0
0x520 -5 5 71 0
0x0 0 727 -5 0
0x1 0 0 0 0
0x5 0 1 0 0
0x51F -4 5 5 0
0x0 0 1311 -4 0
0x1 0 0 0 0
0x5 27 1 0 0
0x520 -4 5 49 0
0x0 0 1311 -4 0
0x1 0 0 0 0
0x5 71 1 0 0
0x71E -3 5 0 0
0x0 0 1311 -3 0
0x1 0 0 0 0
0x5 5 1 0 0
0x51F -3 5 27 0
0x0 0 128 -3 0
0x1 0 0 0 0
0x5 49 1 0 0
0x80 -3 5 49 0
0x0 0 1312 -3 0
0x1 0 0 0 0
0x5 71 1 0 0
0x71E -2 -7 0 0
0x0 0 1311 -2 0
0x1 0 0 0 0
0xFFF9 5 1 0 0
0x51F -2 -7 27 0
0x0 0 128 -2 0
0x1 0 0 0 0
0xFFF9 49 1 0 0
0x80 -2 -7 49 0
0x0 0 1311 -2 0
0x1 0 0 0 0
0xFFF9 71 1 0 0
0x71E -2 -6 0 0
0x0 0 1310 -2 0
0x1 0 0 0 0
0xFFFA 27 1 0 0
0x520 -2 -6 71 0
0x0 0 1822 -2 0
0x1 0 0 0 0
0xFFFB 5 1 0 0
0x51F -2 -5 27 0
0x0 0 1309 -2 0
0x1 0 0 0 0
0xFFFB 71 1 0 0
0x71E -2 -4 0 0
0x0 0 1310 -2 0
0x1 0 0 0 0
0xFFFC 27 1 0 0
0x51F -2 -4 49 0
0x0 0 1309 -2 0
0x1 0 0 0 0
0xFFF9 0 1 0 0
0x51F -1 -7 5 0
0x0 0 128 -1 0
0x1 0 0 0 0
0xFFF9 27 1 0 0
0x80 -1 -7 27 0
0x0 0 1311 -1 0
0x1 0 0 0 0
0xFFF9 49 1 0 0
0x51F -1 -7 71 0
0x0 0 726 -1 0
0x1 0 0 0 0
0xFFFA 0 1 0 0
0x51F -1 -6 5 0
0x0 0 1311 -1 0
0x1 0 0 0 0
0xFFFA 27 1 0 0
0x51F -1 -6 71 0
0x0 0 1822 -1 0
0x1 0 0 0 0
0xFFFB 5 1 0 0
0x51F -1 -5 27 0
0x0 0 1309 -1 0
0x1 0 0 0 0
0xFFFB 71 1 0 0
0x71E -1 -4 0 0
0x0 0 1312 -1 0
0x1 0 0 0 0
0xFFFC 27 1 0 0
0x51F -1 -4 49 0
0x0 0 1311 -1 0
0x1 0 0 0 0
0xFFF9 0 1 0 0
0x520 0 -7 5 0
0x0 0 128 0 0
0x1 0 0 0 0
0xFFF9 27 1 0 0
0x80 0 -7 27 0
0x0 0 1310 0 0
0x1 0 0 0 0
0xFFF9 49 1 0 0
0x520 0 -7 71 0
0x0 0 720 0 0
0x1 0 0 0 0
0xFFFA 0 1 0 0
0x51F 0 -6 5 0
0x0 0 1311 0 0
0x1 0 0 0 0
0xFFFA 27 1 0 0
0x749 0 -6 32 0
0x0 0 1312 0 0
0x1 0 0 0 0
0xFFFB 0 1 0 0
0x51D 0 -5 5 0
0x0 0 1311 0 0
0x1 0 0 0 0
0xFFFB 49 1 0 0
0x51F 0 -5 71 0
0x0 0 1822 0 0
0x1 0 0 0 0
0xFFFC 5 1 0 0
0x520 0 -4 27 0
0x0 0 1312 0 0
0x1 0 0 0 0
0xFFFC 71 1 0 0
0x71E 1 -7 0 0
0x0 0 1310 1 0
0x1 0 0 0 0
0xFFF9 5 1 0 0
0x51F 1 -7 27 0
0x0 0 128 1 0
0x1 0 0 0 0
0xFFF9 49 1 0 0
0x80 1 -7 49 0
0x0 0 1311 1 0
0x1 0 0 0 0
0xFFF9 71 1 0 0
0x71E 1 -6 0 0
0x0 0 1309 1 0
0x1 0 0 0 0
0xFFFA 27 1 0 0
0x71E 1 -6 27 0
0x0 0 1822 1 0
0x1 0 0 0 0
0xFFFA 37 1 0 0
0x51D 1 -6 71 0
0x0 0 1822 1 0
0x1 0 0 0 0
0xFFFB 5 1 0 0
0x51F 1 -5 27 0
0x0 0 1309 1 0
0x1 0 0 0 0
0xFFFB 71 1 0 0
0x71E 1 -4 0 0
0x0 0 1311 1 0
0x1 0 0 0 0
0xFFFC 27 1 0 0
0x51D 1 -4 49 0
0x0 0 1311 1 0
0x1 0 0 0 0
0xFFF9 0 1 0 0
0x51F 2 -7 5 0
0x0 0 128 2 0
0x1 0 0 0 0
0xFFF9 27 1 0 0
0x80 2 -7 27 0
0x0 0 1311 2 0
0x1 0 0 0 0
0xFFF9 49 1 0 0
0x51F 2 -7 71 0
0x0 0 726 2 0
0x1 0 0 0 0
0xFFFA 0 1 0 0
0x51D 2 -6 5 0
0x0 0 1311 2 0
0x1 0 0 0 0
0xFFFA 27 1 0 0
0x71E 2 -6 32 0
0x0 0 1822 2 0
0x1 0 0 0 0
0xFFFA 42 1 0 0
0x51E 2 -6 71 0
0x0 0 1822 2 0
0x1 0 0 0 0
0xFFFB 5 1 0 0
0x51E 2 -5 27 0
0x0 0 1312 2 0
0x1 0 0 0 0
0xFFFB 71 1 0 0
0x71E 2 -4 0 0
0x0 0 1311 2 0
0x1 0 0 0 0
0xFFFC 27 1 0 0
0x51F 2 -4 49 0
0x0 0 1311 2 0
0x1 0 0 0 0
0xFFF9 0 1 0 0
0x51F 3 -7 5 0
0x0 0 128 3 0
0x1 0 0 0 0
0xFFF9 27 1 0 0
0x80 3 -7 27 0
0x0 0 1311 3 0
0x1 0 0 0 0
0xFFF9 49 1 0 0
0x51F 3 -7 71 0
0x0 0 720 3 0
0x1 0 0 0 0
0xFFFA 0 1 0 0
0x51F 3 -6 5 0
0x0 0 1311 3 0
0x1 0 0 0 0
0xFFFA 27 1 0 0
0x71E 3 -6 32 0
0x0 0 1822 3 0
0x1 0 0 0 0
0xFFFA 42 1 0 0
0x749 3 -6 47 0
0x0 0 1310 3 0
0x1 0 0 0 0
0xFFFB 0 1 0 0
0x51E 3 -5 5 0
0x0 0 1309 3 0
0x1 0 0 0 0
0xFFFB 49 1 0 0
0x51F 3 -5 71 0
0x0 0 1822 3 0
0x1 0 0 0 0
0xFFFC 5 1 0 0
0x51F 3 -4 27 0
0x0 0 1311 3 0
0x1 0 0 0 0
0xFFFC 71 1 0 0
0x71E 4 -7 0 0
0x0 0 1309 4 0
0x1 0 0 0 0
0xFFF9 5 1 0 0
0x51F 4 -7 27 0
0x0 0 128 4 0
0x1 0 0 0 0
0xFFF9 49 1 0 0
0x80 4 -7 49 0
0x0 0 1312 4 0
0x1 0 0 0 0
0xFFF9 71 1 0 0
0x71E 4 -6 0 0
0x0 0 1311 4 0
0x1 0 0 0 0
0xFFFA 27 1 0 0
0x520 4 -6 49 0
0x0 0 1311 4 0
0x1 0 0 0 0
0xFFFB 0 1 0 0
0x520 4 -5 5 0
0x0 0 1311 4 0
0x1 0 0 0 0
0xFFFB 49 1 0 0
0x51F 4 -5 71 0
0x0 0 1822 4 0
0x1 0 0 0 0
0xFFFC 5 1 0 0
0x51F 4 -4 27 0
0x0 0 1312 4 0
0x1 0 0 0 0
0xFFFC 71 1 0 0
0x71E 5 -7 0 0
0x0 0 1311 5 0
0x1 0 0 0 0
0xFFF9 5 1 0 0
0x51F 5 -7 27 0
0x0 0 128 5 0
0x1 0 0 0 0
0xFFF9 49 1 0 0
0x80 5 -7 49 0
0x0 0 1311 5 0
0x1 0 0 0 0
0xFFF9 71 1 0 0
0x71E 5 -6 0 0
0x0 0 1311 5 0
0x1 0 0 0 0
0xFFFA 27 1 0 0
0x520 5 -6 49 0
0x0 0 1311 5 0
0x1 0 0 0 0
0xFFFB 0 1 0 0
0x51F 5 -5 5 0
0x0 0 1309 5 0
0x1 0 0 0 0
0xFFFB 49 1 0 0
0x51F 5 -5 71 0
0x0 0 1822 5 0
0x1 0 0 0 0
0xFFFC 5 1 0 0
0x51E 5 -4 27 0
0x0 0 1311 5 0
0x1 0 0 0 0
0xFFFC 71 1 0 0
0x71E -2 -3 0 0
0x0 0 1311 -2 0
0x1 0 0 0 0
0xFFFD 27 1 0 0
0x51F -2 -3 49 0
0x0 0 1309 -2 0
0x1 0 0 0 0
0xFFFE 0 1 0 0
0x51F -2 -2 5 0
0x0 0 1311 -2 0
0x1 0 0 0 0
0xFFFE 49 1 0 0
0x520 -2 -2 71 0
0x0 0 1822 -2 0
0x1 0 0 0 0
0xFFFF 5 1 0 0
0x51F -2 -1 27 0
0x0 0 1311 -2 0
0x1 0 0 0 0
0xFFFF 71 1 0 0
0x71E -2 0 0 0
0x0 0 1309 -2 0
0x1 0 0 0 0
0x0 27 1 0 0
0x51D -2 0 49 0
0x0 0 1309 -2 0
0x1 0 0 0 0
0x1 0 1 0 0
0x51F -2 1 5 0
0x0 0 1309 -2 0
0x1 0 0 0 0
0x1 49 1 0 0
0x51F -2 1 71 0
0x0 0 1822 -2 0
0x1 0 0 0 0
0x2 5 1 0 0
0x51F -2 2 27 0
0x0 0 1311 -2 0
0x1 0 0 0 0
0x2 71 1 0 0
0x71E -2 3 0 0
0x0 0 1311 -2 0
0x1 0 0 0 0
0x3 27 1 0 0
0x51D -2 3 49 0
0x0 0 1309 -2 0
0x1 0 0 0 0
0x4 0 1 0 0
0x51D -2 4 5 0
0x0 0 1311 -2 0
0x1 0 0 0 0
0x4 49 1 0 0
0x520 -2 4 71 0
0x0 0 1822 -1 0
0x1 0 0 0 0
0xFFFD 5 1 0 0
0x51F -1 -3 27 0
0x0 0 1311 -1 0
0x1 0 0 0 0
0xFFFD 71 1 0 0
0x71E -1 -2 0 0
0x0 0 1311 -1 0
0x1 0 0 0 0
0xFFFE 27 1 0 0
0x51E -1 -2 49 0
0x0 0 1310 -1 0
0x1 0 0 0 0
0xFFFF 0 1 0 0
0x51F -1 -1 5 0
0x0 0 1311 -1 0
0x1 0 0 0 0
0xFFFF 49 1 0 0
0x51F -1 -1 71 0
0x0 0 1822 -1 0
0x1 0 0 0 0
0x0 5 1 0 0
0x51F -1 0 27 0
0x0 0 1310 -1 0
0x1 0 0 0 0
0x0 71 1 0 0
0x71E -1 1 0 0
0x0 0 1311 -1 0
0x1 0 0 0 0
0x1 27 1 0 0
0x51F -1 1 49 0
0x0 0 1311 -1 0
0x1 0 0 0 0
0x2 0 1 0 0
0x51D -1 2 5 0
0x0 0 1311 -1 0
0x1 0 0 0 0
0x2 49 1 0 0
0x51F -1 2 71 0
0x0 0 1822 -1 0
0x1 0 0 0 0
0x3 5 1 0 0
0x51F -1 3 27 0
0x0 0 1310 -1 0
0x1 0 0 0 0
0x3 71 1 0 0
0x71E -1 4 0 0
0x0 0 1311 -1 0
0x1 0 0 0 0
0x4 27 1 0 0
0x51F -1 4 49 0
0x0 0 1311 -1 0
0x1 0 0 0 0
0xFFFD 0 1 0 0
0x51F 0 -3 5 0
0x0 0 1311 0 0
0x1 0 0 0 0
0xFFFD 49 1 0 0
0x51F 0 -3 71 0
0x0 0 1822 0 0
0x1 0 0 0 0
0xFFFE 5 1 0 0
0x51F 0 -2 27 0
0x0 0 1310 0 0
0x1 0 0 0 0
0xFFFE 71 1 0 0
0x71E 0 -1 0 0
0x0 0 1310 0 0
0x1 0 0 0 0
0xFFFF 27 1 0 0
0x51F 0 -1 49 0
0x0 0 1311 0 0
0x1 0 0 0 0
0x0 5 1 0 0
0x51F 0 0 27 0
0x0 0 1311 0 0
0x1 0 0 0 0
0x0 71 1 0 0
0x71E 0 1 0 0
0x0 0 1309 0 0
0x1 0 0 0 0
0x1 27 1 0 0
0x51D 0 1 49 0
0x0 0 1311 0 0
0x1 0 0 0 0
0x2 0 1 0 0
0x51D 0 2 5 0
0x0 0 1310 0 0
0x1 0 0 0 0
0x2 49 1 0 0
0x51F 0 2 71 0
0x0 0 1822 0 0
0x1 0 0 0 0
0x3 5 1 0 0
0x51D 0 3 27 0
0x0 0 1311 0 0
0x1 0 0 0 0
0x3 71 1 0 0
0x71E 0 4 0 0
0x0 0 1312 0 0
0x1 0 0 0 0
0x4 27 1 0 0
0x51F 0 4 49 0
0x0 0 1311 0 0
0x1 0 0 0 0
0xFFFD 0 1 0 0
0x51E 1 -3 5 0
0x0 0 1311 1 0
0x1 0 0 0 0
0xFFFD 49 1 0 0
0x51F 1 -3 71 0
0x0 0 1822 1 0
0x1 0 0 0 0
0xFFFE 5 1 0 0
0x51E 1 -2 27 0
0x0 0 1311 1 0
0x1 0 0 0 0
0xFFFE 71 1 0 0
0x71E 1 -1 0 0
0x0 0 1311 1 0
0x1 0 0 0 0
0xFFFF 27 1 0 0
0x51F 1 -1 49 0
0x0 0 1311 1 0
0x1 0 0 0 0
0x0 0 1 0 0
0x51F 1 0 5 0
0x0 0 1309 1 0
0x1 0 0 0 0
0x0 49 1 0 0
0x51F 1 0 71 0
0x0 0 1822 1 0
0x1 0 0 0 0
0x1 5 1 0 0
0x51F 1 1 27 0
0x0 0 1311 1 0
0x1 0 0 0 0
0x1 71 1 0 0
0x71E 1 2 0 0
0x0 0 1311 1 0
0x1 0 0 0 0
0x2 27 1 0 0
0x51F 1 2 49 0
0x0 0 1311 1 0
0x1 0 0 0 0
0x3 0 1 0 0
0x51F 1 3 5 0
0x0 0 1311 1 0
0x1 0 0 0 0
0x3 49 1 0 0
0x51E 1 3 71 0
0x0 0 1822 1 0
0x1 0 0 0 0
0x4 5 1 0 0
0x520 1 4 27 0
0x0 0 1311 1 0
0x1 0 0 0 0
0x4 71 1 0 0
0x71E 2 -3 0 0
0x0 0 1312 2 0
0x1 0 0 0 0
0xFFFD 27 1 0 0
0x51F 2 -3 49 0
0x0 0 1312 2 0
0x1 0 0 0 0
0xFFFE 0 1 0 0
0x51F 2 -2 5 0
0x0 0 1309 2 0
0x1 0 0 0 0
0xFFFE 49 1 0 0
0x51F 2 -2 71 0
0x0 0 1822 2 0
0x1 0 0 0 0
0xFFFF 5 1 0 0
0x51F 2 -1 27 0
0x0 0 1309 2 0
0x1 0 0 0 0
0xFFFF 71 1 0 0
0x71E 2 0 0 0
0x0 0 1312 2 0
0x1 0 0 0 0
0x0 27 1 0 0
0x51F 2 0 49 0
0x0 0 1311 2 0
0x1 0 0 0 0
0x1 0 1 0 0
0x51F 2 1 5 0
0x0 0 1311 2 0
0x1 0 0 0 0
0x1 49 1 0 0
0x520 2 1 71 0
0x0 0 1822 2 0
0x1 0 0 0 0
0x2 5 1 0 0
0x51F 2 2 27 0
0x0 0 1311 2 0
0x1 0 0 0 0
0x2 71 1 0 0
0x71E 2 3 0 0
0x0 0 1311 2 0
0x1 0 0 0 0
0x3 27 1 0 0
0x51F 2 3 49 0
0x0 0 1311 2 0
0x1 0 0 0 0
0x4 0 1 0 0
0x51F 2 4 5 0
0x0 0 1311 2 0
0x1 0 0 0 0
0x4 49 1 0 0
0x51F 2 4 71 0
0x0 0 1822 3 0
0x1 0 0 0 0
0xFFFD 5 1 0 0
0x51F 3 -3 27 0
0x0 0 1311 3 0
0x1 0 0 0 0
0xFFFD 71 1 0 0
0x71E 3 -2 0 0
0x0 0 1311 3 0
0x1 0 0 0 0
0xFFFE 27 1 0 0
0x51F 3 -2 49 0
0x0 0 1311 3 0
0x1 0 0 0 0
0xFFFF 0 1 0 0
0x51F 3 -1 5 0
0x0 0 1311 3 0
0x1 0 0 0 0
0xFFFF 49 1 0 0
0x51F 3 -1 71 0
0x0 0 1822 3 0
0x1 0 0 0 0
0x0 5 1 0 0
0x51E 3 0 27 0
0x0 0 1311 3 0
0x1 0 0 0 0
0x0 71 1 0 0
0x71E 3 1 0 0
0x0 0 1312 3 0
0x1 0 0 0 0
0x1 27 1 0 0
0x51F 3 1 49 0
0x0 0 1311 3 0
0x1 0 0 0 0
0x2 0 1 0 0
0x51F 3 2 5 0
0x0 0 1312 3 0
0x1 0 0 0 0
0x2 49 1 0 0
0x51F 3 2 71 0
0x0 0 1822 3 0
0x1 0 0 0 0
0x3 5 1 0 0
0x51F 3 3 27 0
0x0 0 1310 3 0
0x1 0 0 0 0
0x3 71 1 0 0
0x71E 3 4 0 0
0x0 0 1312 3 0
0x1 0 0 0 0
0x4 27 1 0 0
0x520 3 4 49 0
0x0 0 1311 3 0
0x1 0 0 0 0
0xFFFD 0 1 0 0
0x51F 4 -3 5 0
0x0 0 1311 4 0
0x1 0 0 0 0
0xFFFD 49 1 0 0
0x51D 4 -3 71 0
0x0 0 1822 4 0
0x1 0 0 0 0
0xFFFE 5 1 0 0
0x51D 4 -2 27 0
0x0 0 1309 4 0
0x1 0 0 0 0
0xFFFE 71 1 0 0
0x71E 4 -1 0 0
0x0 0 1309 4 0
0x1 0 0 0 0
0xFFFF 27 1 0 0
0x520 4 -1 49 0
0x0 0 1309 4 0
0x1 0 0 0 0
0x0 0 1 0 0
0x51F 4 0 5 0
0x0 0 1309 4 0
0x1 0 0 0 0
0x0 49 1 0 0
0x51F 4 0 71 0
0x0 0 1822 4 0
0x1 0 0 0 0
0x1 5 1 0 0
0x51F 4 1 27 0
0x0 0 1312 4 0
0x1 0 0 0 0
0x1 71 1 0 0
0x71E 4 2 0 0
0x0 0 1311 4 0
0x1 0 0 0 0
0x2 27 1 0 0
0x51F 4 2 49 0
0x0 0 1311 4 0
0x1 0 0 0 0
0x3 0 1 0 0
0x520 4 3 5 0
0x0 0 1310 4 0
0x1 0 0 0 0
0x3 49 1 0 0
0x51D 4 3 71 0
0x0 0 1822 4 0
0x1 0 0 0 0
0x4 5 1 0 0
0x520 4 4 27 0
0x0 0 1309 4 0
0x1 0 0 0 0
0x4 71 1 0 0
0x71E 5 -3 0 0
0x0 0 1311 5 0
0x1 0 0 0 0
0xFFFD 27 1 0 0
0x51E 5 -3 49 0
0x0 0 1311 5 0
0x1 0 0 0 0
0xFFFE 0 1 0 0
0x51F 5 -2 5 0
0x0 0 1311 5 0
0x1 0 0 0 0
0xFFFE 49 1 0 0
0x51F 5 -2 71 0
0x0 0 1822 5 0
0x1 0 0 0 0
0xFFFF 5 1 0 0
0x51F 5 -1 27 0
0x0 0 1311 5 0
0x1 0 0 0 0
0xFFFF 71 1 0 0
0x71E 5 0 0 0
0x0 0 1311 5 0
0x1 0 0 0 0
0x0 27 1 0 0
0x51F 5 0 49 0
0x0 0 1311 5 0
0x1 0 0 0 0
0x1 0 1 0 0
0x51D 5 1 5 0
0x0 0 1311 5 0
0x1 0 0 0 0
0x1 49 1 0 0
0x51F 5 1 71 0
0x0 0 1822 5 0
0x1 0 0 0 0
0x2 5 1 0 0
0x51E 5 2 27 0
0x0 0 1311 5 0
0x1 0 0 0 0
0x2 71 1 0 0
0x71E 5 3 0 0
0x0 0 1309 5 0
0x1 0 0 0 0
0x3 27 1 0 0
0x51D 5 3 49 0
0x0 0 1311 5 0
0x1 0 0 0 0
0x4 0 1 0 0
0x51F 5 4 5 0
0x0 0 1311 5 0
0x1 0 0 0 0
0x4 49 1 0 0
0x51F 5 4 71 0
0x0 0 1822 6 0
0x1 0 0 0 0
0xFFF9 5 1 0 0
0x80 6 -7 5 0
0x0 0 1309 6 0
0x1 0 0 0 0
0xFFF9 27 1 0 0
0x51F 6 -7 49 0
0x0 0 128 6 0
0x1 0 0 0 0
0xFFF9 71 1 0 0
0x2D4 6 -7 71 0
0x0 0 1822 6 0
0x1 0 0 0 0
0xFFFA 5 1 0 0
0x80 6 -6 5 0
0x0 0 1311 6 0
0x1 0 0 0 0
0xFFFA 27 1 0 0
0x51F 6 -6 49 0
0x0 0 128 6 0
0x1 0 0 0 0
0xFFFA 71 1 0 0
0x2D9 6 -6 71 0
0x0 0 1822 6 0
0x1 0 0 0 0
0xFFFB 5 1 0 0
0x520 6 -5 27 0
0x0 0 128 6 0
0x1 0 0 0 0
0xFFFB 49 1 0 0
0x51F 6 -5 71 0
0x0 0 729 6 0
0x1 0 0 0 0
0xFFFC 0 1 0 0
0x51D 6 -4 5 0
0x0 0 128 6 0
0x1 0 0 0 0
0xFFFC 27 1 0 0
0x80 6 -4 27 0
0x0 0 1311 6 0
0x1 0 0 0 0
0xFFFC 49 1 0 0
0x51D 6 -4 71 0
0x0 0 725 6 0
0x1 0 0 0 0
0xFFFD 0 1 0 0
0x51F 6 -3 5 0
0x0 0 128 6 0
0x1 0 0 0 0
0xFFFD 27 1 0 0
0x51F 6 -3 49 0
0x0 0 128 6 0
0x1 0 0 0 0
0xFFFD 71 1 0 0
0x2D9 6 -3 71 0
0x0 0 1822 6 0
0x1 0 0 0 0
0xFFFE 5 1 0 0
0x80 6 -2 5 0
0x0 0 1311 6 0
0x1 0 0 0 0
0xFFFE 49 1 0 0
0x80 6 -2 49 0
0x0 0 1310 6 0
0x1 0 0 0 0
0xFFFE 71 1 0 0
0x71E 6 -1 0 0
0x0 0 1311 6 0
0x1 0 0 0 0
0xFFFF 27 1 0 0
0x80 6 -1 27 0
0x0 0 1311 6 0
0x1 0 0 0 0
0xFFFF 71 1 0 0
0x2D5 6 -1 71 0
0x0 0 1822 6 0
0x1 0 0 0 0
0x0 5 1 0 0
0x80 6 0 5 0
0x0 0 1310 6 0
0x1 0 0 0 0
0x0 49 1 0 0
0x80 6 0 49 0
0x0 0 1310 6 0
0x1 0 0 0 0
0x0 71 1 0 0
0x71E 6 1 0 0
0x0 0 1311 6 0
0x1 0 0 0 0
0x1 5 1 0 0
0x51F 6 1 27 0
0x0 0 1311 6 0
0x1 0 0 0 0
0x1 49 1 0 0
0x51F 6 1 71 0
0x0 0 729 6 0
0x1 0 0 0 0
0x2 0 1 0 0
0x51F 6 2 5 0
0x0 0 128 6 0
0x1 0 0 0 0
0x2 27 1 0 0
0x80 6 2 27 0
0x0 0 1311 6 0
0x1 0 0 0 0
0x2 49 1 0 0
0x520 6 2 71 0
0x0 0 725 6 0
0x1 0 0 0 0
0x3 0 1 0 0
0x520 6 3 5 0
0x0 0 1311 6 0
0x1 0 0 0 0
0x3 27 1 0 0
0x51D 6 3 49 0
0x0 0 1310 6 0
0x1 0 0 0 0
0x3 71 1 0 0
0x71E 6 4 0 0
0x0 0 1312 6 0
0x1 0 0 0 0
0x4 5 1 0 0
0x51D 6 4 27 0
0x0 0 128 6 0
0x1 0 0 0 0
0x4 49 1 0 0
0x80 6 4 49 0
0x0 0 1311 6 0
0x1 0 0 0 0
0x4 71 1 0 0
0x71E -2 5 0 0
0x0 0 1312 -2 0
0x1 0 0 0 0
0x5 5 1 0 0
0x51E -2 5 27 0
0x0 0 1309 -2 0
0x1 0 0 0 0
0x5 49 1 0 0
0x51F -2 5 71 0
0x0 0 727 -2 0
0x1 0 0 0 0
0x5 0 1 0 0
0x51F -1 5 5 0
0x0 0 128 -1 0
0x1 0 0 0 0
0x5 27 1 0 0
0x51F -1 5 49 0
0x0 0 128 -1 0
0x1 0 0 0 0
0x5 71 1 0 0
0x2D7 -1 5 71 0
0x0 0 1822 0 0
0x1 0 0 0 0
0x5 5 1 0 0
0x51E 0 5 27 0
0x0 0 128 0 0
0x1 0 0 0 0
0x5 49 1 0 0
0x51F 0 5 71 0
0x0 0 722 0 0
0x1 0 0 0 0
0x5 0 1 0 0
0x51F 1 5 5 0
0x0 0 128 1 0
0x1 0 0 0 0
0x5 27 1 0 0
0x51D 1 5 49 0
0x0 0 128 1 0
0x1 0 0 0 0
0x5 71 1 0 0
0x2D7 1 5 71 0
0x0 0 1822 2 0
0x1 0 0 0 0
0x5 5 1 0 0
0x80 2 5 5 0
0x0 0 1311 2 0
0x1 0 0 0 0
0x6 9 0 0 0
0x6C5 3 5 5 0
0x0 0 1735 4 0
0x0 0 0 0 0
0x5 49 1 0 0
0x80 2 5 49 0
0x0 0 1312 2 0
0x1 0 0 0 0
0x5 71 1 0 0
0x74D 2 6 0 0
0x0 0 1822 3 0
0x1 0 0 0 0
0x5 5 1 0 0
0x51F 3 5 27 0
0x0 0 128 3 0
0x1 0 0 0 0
0x5 49 1 0 0
0x80 3 5 49 0
0x0 0 1311 3 0
0x1 0 0 0 0
0x5 71 1 0 0
0x71F 3 6 0 0
0x0 0 1822 4 0
0x1 0 0 0 0
0x5 5 1 0 0
0x51D 4 5 27 0
0x0 0 128 4 0
0x1 0 0 0 0
0x5 49 1 0 0
0x51F 4 5 71 0
0x0 0 727 4 0
0x1 0 0 0 0
0x6 0 1 0 0
0x71E 5 5 0 0
0x0 0 1309 5 0
0x1 0 0 0 0
0x5 5 1 0 0
0x51F 5 5 27 0
0x0 0 128 5 0
0x1 0 0 0 0
0x5 49 1 0 0
0x80 5 5 49 0
0x0 0 1311 5 0
0x1 0 0 0 0
0x5 71 1 0 0
0x74B 5 6 0 0
0x0 0 2974 5 0
0x1 0 0 0 0
0x5 0 1 0 0
0x51F 6 5 5 0
0x0 0 128 6 0
0x1 0 0 0 0
0x5 27 1 0 0
0x80 6 5 27 0
0x0 0 1311 6 0
0x1 0 0 0 0
0x5 49 1 0 0
0x51F 6 5 71 0
0x0 0 719 6 0
0x1 0 0 0 0
0x5 5 1 0 0
0x83 -4 5 49 0
0x0 0 133 6 0
0x1 0 0 0 0
0xFFFB 49 1 0 0
0x85 6 -3 27 0
0x0 0 133 6 0
0x1 0 0 0 0
0xFFFF 5 1 0 0
0x85 6 -1 49 0
0x0 0 133 6 0
0x1 0 0 0 0
0x1 27 1 0 0
0x85 6 3 5 0
0x0 0 133 6 0
0x1 0 0 0 0
0x5 27 1 0 0
0x83 -1 5 27 0
0x0 0 131 0 0
0x1 0 0 0 0
0x5 49 1 0 0
0x83 1 5 27 0
0x0 0 131 2 0
0x1 0 0 0 0
0x5 49 1 0 0
