0x1 0 0 0 0
0x0 0 1313 0 0
0x1 0 0 0 0
0x6 6 0 0 0
0x677 1 6 6 0
0x0 0 3024 4 0
0x0 0 0 0 0
0xFFFE 6 0 0 0
0x67D 1 4 26 0
0x0 0 1661 1 0
0x0 0 0 0 0
0xFFF9 3 1 0 0
0x1E8 8 6 3 0
0x0 0 490 -7 0
0x1 0 0 0 0
0xFFF9 3 1 0 0
0x1DA 12 6 72 0
0x0 0 474 -11 0
0x1 0 0 0 0
0x0 26 1 0 0
0x523 0 0 66 0
0x0 0 1313 1 0
0x1 0 0 0 0
0x1 6 1 0 0
0x521 1 0 6 0
0x0 0 1313 -1 0
0x1 0 0 0 0
0xFFFF 6 1 0 0
0x521 -1 1 6 0
0x0 0 1313 1 0
0x1 0 0 0 0
0xFFFF 6 1 0 0
0x1D1 1 -1 26 0
0x0 0 1314 -1 0
0x1 0 0 0 0
0x1 26 1 0 0
0x522 0 -1 26 0
0x0 0 464 0 0
0x1 0 0 0 0
0xFFFF 26 1 0 0
0x522 1 1 26 0
0x0 0 1314 -1 0
0x1 0 0 0 0
0x0 26 1 0 0
0x522 0 1 26 0
0x0 0 1314 1 0
0x1 0 0 0 0
0xFFFF 26 1 0 0
0x1D7 -1 1 26 0
0x0 0 465 1 0
0x1 0 0 0 0
0x1 46 1 0 0
0x523 1 -1 46 0
0x0 0 1315 1 0
0x1 0 0 0 0
0x1 46 1 0 0
0x523 0 1 46 0
0x0 0 1315 1 0
0x1 0 0 0 0
0x0 46 1 0 0
0x1CF 1 1 46 0
0x0 0 464 0 0
0x1 0 0 0 0
0x1 66 1 0 0
0x523 0 -1 66 0
0x0 0 1315 1 0
0x1 0 0 0 0
0x1 66 1 0 0
0x523 -1 0 66 0
0x0 0 1315 1 0
0x1 0 0 0 0
0xFFFF 66 1 0 0
0x523 1 0 66 0
0x0 0 464 -1 0
0x1 0 0 0 0
0xFFFF 6 1 0 0
0x1D1 -2 0 6 0
0x0 0 463 -2 0
0x1 0 0 0 0
0xFFFE 6 1 0 0
0x521 1 -2 6 0
0x0 0 1313 -1 0
0x1 0 0 0 0
0xFFFF 6 1 0 0
0x521 1 2 6 0
0x0 0 1313 0 0
0x1 0 0 0 0
0x1 6 1 0 0
0x521 2 0 6 0
0x0 0 464 1 0
0x1 0 0 0 0
0x0 6 1 0 0
0x521 -2 -1 6 0
0x0 0 464 0 0
0x1 0 0 0 0
0x1 6 1 0 0
0x521 -1 -2 6 0
0x0 0 1314 -1 0
0x1 0 0 0 0
0x0 26 1 0 0
0x522 -2 -1 26 0
0x0 0 1314 -2 0
0x1 0 0 0 0
0x2 26 1 0 0
0x522 2 -1 26 0
0x0 0 1929 0 0
0x1 0 0 0 0
0xFFFE 26 1 0 0
0x1D1 1 -2 26 0
0x0 0 1314 1 0
0x1 0 0 0 0
0xFFFE 26 1 0 0
0x1D1 1 2 26 0
0x0 0 1314 1 0
0x1 0 0 0 0
0x0 26 1 0 0
0x522 0 2 26 0
0x0 0 1314 2 0
0x1 0 0 0 0
0x2 46 1 0 0
0x8BB -2 -1 46 0
0x0 0 1315 0 0
0x1 0 0 0 0
0x1 46 1 0 0
0x523 -2 0 46 0
0x0 0 1315 -2 0
0x1 0 0 0 0
0x2 46 1 0 0
0x523 1 -2 46 0
0x0 0 1315 2 0
0x1 0 0 0 0
0xFFFF 46 1 0 0
0x1D1 1 2 46 0
0x0 0 465 1 0
0x1 0 0 0 0
0x1 46 1 0 0
0x8BB -2 0 46 0
0x0 0 1315 -2 0
0x1 0 0 0 0
0xFFFE 66 1 0 0
0x523 -1 2 66 0
0x0 0 1315 2 0
0x1 0 0 0 0
0x1 66 1 0 0
0x523 -2 -1 66 0
0x0 0 1315 -2 0
0x1 0 0 0 0
0xFFFE 66 1 0 0
0x523 2 1 66 0
0x0 0 1315 2 0
0x1 0 0 0 0
0xFFFE 66 1 0 0
0x523 1 2 66 0
0x0 0 1315 2 0
0x1 0 0 0 0
0x2 66 1 0 0
0x521 3 1 6 0
0x0 0 1313 2 0
0x1 0 0 0 0
0xFFFE 6 1 0 0
0x521 0 3 6 0
0x0 0 1313 1 0
0x1 0 0 0 0
0x0 6 1 0 0
0x1D0 2 -2 6 0
0x0 0 471 -3 0
0x1 0 0 0 0
0xFFFD 6 1 0 0
0x521 0 -3 6 0
0x0 0 1313 1 0
0x1 0 0 0 0
0x3 6 1 0 0
0x521 -3 0 6 0
0x0 0 1313 -2 0
0x1 0 0 0 0
0xFFFF 6 1 0 0
0x521 -3 1 6 0
0x0 0 1313 -2 0
0x1 0 0 0 0
0xFFFE 6 1 0 0
0x521 -3 -1 6 0
0x0 0 1314 -3 0
0x1 0 0 0 0
0x1 26 1 0 0
0x1D6 -3 1 26 0
0x0 0 1314 -2 0
0x1 0 0 0 0
0x3 26 1 0 0
0x522 3 1 26 0
0x0 0 1928 -1 0
0x1 0 0 0 0
0xFFFD 26 1 0 0
0x522 1 -3 26 0
0x0 0 1314 -3 0
0x1 0 0 0 0
0x3 26 1 0 0
0x522 0 3 26 0
0x0 0 465 1 0
0x1 0 0 0 0
0xFFFD 26 1 0 0
0x522 2 -2 26 0
0x0 0 1314 2 0
0x1 0 0 0 0
0xFFFF 26 1 0 0
0x522 3 0 26 0
0x0 0 1928 0 0
0x1 0 0 0 0
0xFFFD 26 1 0 0
0x522 -2 -2 26 0
0x0 0 1929 -1 0
0x1 0 0 0 0
0xFFFD 31 1 0 0
0x523 1 3 46 0
0x0 0 1315 1 0
0x1 0 0 0 0
0xFFFE 46 1 0 0
0x523 3 -1 46 0
0x0 0 465 1 0
0x1 0 0 0 0
0x3 46 1 0 0
0x523 0 3 46 0
0x0 0 1315 2 0
0x1 0 0 0 0
0xFFFE 46 1 0 0
0x523 -3 -1 46 0
0x0 0 1315 3 0
0x1 0 0 0 0
0x0 46 1 0 0
0x523 -3 1 46 0
0x0 0 1315 3 0
0x1 0 0 0 0
0x2 46 1 0 0
0x523 -1 3 46 0
0x0 0 1315 -2 0
0x1 0 0 0 0
0x2 66 1 0 0
0x523 -1 -3 66 0
0x0 0 1315 -2 0
0x1 0 0 0 0
0xFFFF 66 1 0 0
0x523 3 1 66 0
0x0 0 1315 3 0
0x1 0 0 0 0
0x0 66 1 0 0
0x523 -3 1 66 0
0x0 0 1315 -2 0
0x1 0 0 0 0
0x3 66 1 0 0
0x523 2 2 66 0
0x0 0 1315 0 0
0x1 0 0 0 0
0x3 66 1 0 0
0x523 0 -3 66 0
0x0 0 1315 3 0
0x1 0 0 0 0
0xFFFD 66 1 0 0
0x523 2 -2 66 0
0x0 0 1313 0 0
0x1 0 0 0 0
0x0 6 1 0 0
0x1D1 -2 -3 6 0
0x0 0 1313 3 0
0x1 0 0 0 0
0x3 6 1 0 0
0x521 2 3 6 0
0x0 0 1313 -2 0
0x1 0 0 0 0
0xFFFE 6 1 0 0
0x521 4 2 6 0
0x0 0 1313 3 0
0x1 0 0 0 0
0x3 6 1 0 0
0x521 -3 3 6 0
0x0 0 1313 -4 0
0x1 0 0 0 0
0xFFFF 6 1 0 0
0x521 4 1 6 0
0x0 0 1313 2 0
0x1 0 0 0 0
0x2 6 1 0 0
0x521 -2 -3 6 0
0x0 0 1313 -3 0
0x1 0 0 0 0
0x2 6 1 0 0
0x521 3 -2 6 0
0x0 0 1313 -3 0
0x1 0 0 0 0
0xFFFC 6 1 0 0
0x521 1 -4 6 0
0x0 0 464 4 0
0x1 0 0 0 0
0xFFFC 6 1 0 0
0x521 4 -1 6 0
0x0 0 1313 -4 0
0x1 0 0 0 0
0xFFFE 6 1 0 0
0x521 1 4 6 0
0x0 0 1313 -1 0
0x1 0 0 0 0
0xFFFC 6 1 0 0
0x521 -1 -4 6 0
0x0 0 1313 -2 0
0x1 0 0 0 0
0x4 6 1 0 0
0x8BF -4 -2 26 0
0x0 0 465 1 0
0x1 0 0 0 0
0xFFFC 26 1 0 0
0x522 -4 0 26 0
0x0 0 1928 0 0
0x1 0 0 0 0
0x3 26 1 0 0
0x1D0 -4 1 26 0
0x0 0 1314 3 0
0x1 0 0 0 0
0xFFFD 26 1 0 0
0x522 -2 -3 26 0
0x0 0 1314 2 0
0x1 0 0 0 0
0x0 26 1 0 0
0x8BF -4 -1 26 0
0x0 0 1314 1 0
0x1 0 0 0 0
0x4 26 1 0 0
0x522 -3 2 26 0
0x0 0 1314 -4 0
0x1 0 0 0 0
0xFFFD 26 1 0 0
0x522 3 -3 26 0
0x0 0 1314 -3 0
0x1 0 0 0 0
0xFFFC 26 1 0 0
0x522 4 0 26 0
0x0 0 1314 -4 0
0x1 0 0 0 0
0xFFFF 26 1 0 0
0x522 2 -4 26 0
0x0 0 1928 -1 0
0x1 0 0 0 0
0xFFFE 26 1 0 0
0x522 4 -2 26 0
0x0 0 1314 -3 0
0x1 0 0 0 0
0x1 26 1 0 0
0x522 -2 3 26 0
0x0 0 1314 4 0
0x1 0 0 0 0
0x1 26 1 0 0
0x522 1 -4 26 0
0x0 0 1314 0 0
0x1 0 0 0 0
0x2 26 1 0 0
0x522 -2 4 26 0
0x0 0 1314 4 0
0x1 0 0 0 0
0x4 26 1 0 0
0x788 0 -4 31 0
0x0 0 1928 -1 0
0x1 0 0 0 0
0xFFFC 36 1 0 0
0x789 -1 -4 36 0
0x0 0 1315 4 0
0x1 0 0 0 0
0x0 46 1 0 0
0x523 2 -4 46 0
0x0 0 1315 1 0
0x1 0 0 0 0
0x0 46 1 0 0
0x523 -3 -3 46 0
0x0 0 1315 -2 0
0x1 0 0 0 0
0xFFFC 46 1 0 0
0x523 -4 -2 46 0
0x0 0 1315 -3 0
0x1 0 0 0 0
0x1 46 1 0 0
0x523 -2 3 46 0
0x0 0 1315 4 0
0x1 0 0 0 0
0xFFFF 46 1 0 0
0x523 -3 3 46 0
0x0 0 1315 4 0
0x1 0 0 0 0
0xFFFE 46 1 0 0
0x523 -2 4 46 0
0x0 0 1315 -3 0
0x1 0 0 0 0
0x1 46 1 0 0
0x1D1 1 -4 46 0
0x0 0 1315 3 0
0x1 0 0 0 0
0xFFFD 46 1 0 0
0x8BB -2 -4 46 0
0x0 0 1315 4 0
0x1 0 0 0 0
0xFFFD 46 1 0 0
0x523 2 3 46 0
0x0 0 1315 3 0
0x1 0 0 0 0
0xFFFD 46 1 0 0
0x523 -1 4 46 0
0x0 0 1315 0 0
0x1 0 0 0 0
0x4 46 1 0 0
0x523 -4 2 46 0
0x0 0 1315 2 0
0x1 0 0 0 0
0x4 66 1 0 0
0x523 4 0 66 0
0x0 0 1315 0 0
0x1 0 0 0 0
0xFFFD 66 1 0 0
0x523 3 -3 66 0
0x0 0 1315 4 0
0x1 0 0 0 0
0x2 66 1 0 0
0x523 4 2 66 0
0x0 0 1315 -2 0
0x1 0 0 0 0
0x3 66 1 0 0
0x523 3 3 66 0
0x0 0 1315 2 0
0x1 0 0 0 0
0xFFFF 66 1 0 0
0x523 2 3 66 0
0x0 0 2239 -4 0
0x1 0 0 0 0
0x3 66 1 0 0
0x523 2 -4 66 0
0x0 0 1315 1 0
0x1 0 0 0 0
0x4 66 1 0 0
0x523 -3 2 66 0
0x0 0 1315 0 0
0x1 0 0 0 0
0xFFFE 66 1 0 0
0x523 2 4 66 0
0x0 0 1315 -4 0
0x1 0 0 0 0
0x1 66 1 0 0
0x523 -4 0 66 0
0x0 0 1315 4 0
0x1 0 0 0 0
0xFFFC 66 1 0 0
0x523 -1 -4 66 0
0x0 0 1315 3 0
0x1 0 0 0 0
0xFFFD 66 1 0 0
0x523 -2 -3 66 0
0x0 0 1315 -1 0
0x1 0 0 0 0
0xFFFE 66 1 0 0
0x523 -3 -2 66 0
0x0 0 2239 -4 0
0x1 0 0 0 0
0xFFFF 66 1 0 0
0x521 -3 -4 6 0
0x0 0 1313 -4 0
0x1 0 0 0 0
0xFFFC 6 1 0 0
0x521 5 2 6 0
0x0 0 1313 4 0
0x1 0 0 0 0
0xFFFB 6 1 0 0
0x521 1 -5 6 0
0x0 0 1313 0 0
0x1 0 0 0 0
0xFFFE 6 1 0 0
0x789 -5 -2 6 0
0x0 0 1313 5 0
0x1 0 0 0 0
0xFFFE 6 1 0 0
0x521 -5 1 6 0
0x0 0 1313 -5 0
0x1 0 0 0 0
0xFFFF 6 1 0 0
0x521 -5 2 6 0
0x0 0 1313 -4 0
0x1 0 0 0 0
0x1 6 1 0 0
0x521 -2 -5 6 0
0x0 0 1313 -1 0
0x1 0 0 0 0
0x1 6 1 0 0
0x521 4 3 6 0
0x0 0 1313 -3 0
0x1 0 0 0 0
0x4 6 1 0 0
0x521 0 5 6 0
0x0 0 1313 1 0
0x1 0 0 0 0
0x5 6 1 0 0
0x521 -2 5 6 0
0x0 0 464 5 0
0x1 0 0 0 0
0xFFFB 6 1 0 0
0x521 -1 5 6 0
0x0 0 1313 5 0
0x1 0 0 0 0
0xFFFB 26 1 0 0
0x522 2 5 26 0
0x0 0 1314 -4 0
0x1 0 0 0 0
0xFFFD 26 1 0 0
0x522 -3 -4 26 0
0x0 0 1314 3 0
0x1 0 0 0 0
0x2 26 1 0 0
0x522 -1 5 26 0
0x0 0 1314 -2 0
0x1 0 0 0 0
0xFFFB 26 1 0 0
0x522 -1 -5 26 0
0x0 0 1314 -5 0
0x1 0 0 0 0
0xFFFB 26 1 0 0
0x522 -2 -5 26 0
0x0 0 1314 -3 0
0x1 0 0 0 0
0x3 26 1 0 0
0x522 5 -1 26 0
0x0 0 1314 5 0
0x1 0 0 0 0
0x5 26 1 0 0
0x788 -1 -5 26 0
0x0 0 1314 5 0
0x1 0 0 0 0
0x1 26 1 0 0
0x522 5 2 26 0
0x0 0 465 1 0
0x1 0 0 0 0
0x3 26 1 0 0
0x1D0 -5 1 26 0
0x0 0 2239 -4 0
0x1 0 0 0 0
0xFFFB 26 1 0 0
0x522 3 4 26 0
0x0 0 1314 0 0
0x1 0 0 0 0
0x5 26 1 0 0
0x788 0 -5 31 0
0x0 0 1928 -1 0
0x1 0 0 0 0
0xFFFB 36 1 0 0
0x788 -1 -5 36 0
0x0 0 1929 -1 0
0x1 0 0 0 0
0xFFFB 41 1 0 0
0x523 -3 4 46 0
0x0 0 1315 -2 0
0x1 0 0 0 0
0x5 46 1 0 0
0x523 -4 3 46 0
0x0 0 1315 -5 0
0x1 0 0 0 0
0x1 46 1 0 0
0x523 -5 1 46 0
0x0 0 1315 1 0
0x1 0 0 0 0
0x0 46 1 0 0
0x1D1 1 -5 46 0
0x0 0 1315 5 0
0x1 0 0 0 0
0xFFFE 46 1 0 0
0x523 4 -3 46 0
0x0 0 1315 3 0
0x1 0 0 0 0
0xFFFB 46 1 0 0
0x523 -3 -4 46 0
0x0 0 1315 2 0
0x1 0 0 0 0
0xFFFB 46 1 0 0
0x523 1 5 46 0
0x0 0 1315 5 0
0x1 0 0 0 0
0xFFFD 46 1 0 0
0x523 5 1 46 0
0x0 0 1315 -5 0
0x1 0 0 0 0
0xFFFB 46 1 0 0
0x523 5 2 46 0
0x0 0 1315 4 0
0x1 0 0 0 0
0x4 46 1 0 0
0x523 0 5 46 0
0x0 0 465 1 0
0x1 0 0 0 0
0xFFFF 46 1 0 0
0x789 -5 -2 46 0
0x0 0 1315 2 0
0x1 0 0 0 0
0xFFFE 66 1 0 0
0x523 -5 1 66 0
0x0 0 1315 5 0
0x1 0 0 0 0
0xFFFB 66 1 0 0
0x523 -1 -5 66 0
0x0 0 1315 -4 0
0x1 0 0 0 0
0xFFFC 66 1 0 0
0x523 2 5 66 0
0x0 0 1315 -4 0
0x1 0 0 0 0
0x4 66 1 0 0
0x523 -2 5 66 0
0x0 0 1315 -1 0
0x1 0 0 0 0
0x4 66 1 0 0
0x523 3 -4 66 0
0x0 0 1315 4 0
0x1 0 0 0 0
0xFFFB 66 1 0 0
0x523 1 -5 66 0
0x0 0 1315 5 0
0x1 0 0 0 0
0x1 66 1 0 0
0x523 5 0 66 0
0x0 0 1315 0 0
0x1 0 0 0 0
0xFFFB 66 1 0 0
0x8BE -5 1 66 0
0x0 0 1315 4 0
0x1 0 0 0 0
0xFFFD 66 1 0 0
0x523 1 5 66 0
0x0 0 1315 -5 0
0x1 0 0 0 0
0x6 0 1 0 0
0x1E9 2 6 0 0
0x0 0 489 0 0
0x1 0 0 0 0
0x6 0 1 0 0
0x1E9 -2 6 0 0
0x0 0 489 -1 0
0x1 0 0 0 0
0x6 3 1 0 0
0x1E9 2 6 3 0
0x0 0 489 1 0
0x1 0 0 0 0
0x6 3 1 0 0
0x1D0 6 -2 6 0
0x0 0 1313 6 0
0x1 0 0 0 0
0xFFFA 6 1 0 0
0x521 -2 -6 6 0
0x0 0 465 -2 0
0x1 0 0 0 0
0xFFFD 6 1 0 0
0x521 -6 0 6 0
0x0 0 1928 -5 0
0x1 0 0 0 0
0x5 6 1 0 0
0x521 -3 5 6 0
0x0 0 1313 4 0
0x1 0 0 0 0
0xFFFE 6 1 0 0
0x521 0 6 6 0
0x0 0 1313 1 0
0x1 0 0 0 0
0x6 6 1 0 0
0x521 -2 6 6 0
0x0 0 1313 -1 0
0x1 0 0 0 0
0x6 6 1 0 0
0x521 5 -3 6 0
0x0 0 1313 5 0
0x1 0 0 0 0
0xFFFC 6 1 0 0
0x521 -4 -4 6 0
0x0 0 464 -6 0
0x1 0 0 0 0
0x6 6 1 0 0
0x1D0 2 6 6 0
0x0 0 1313 4 0
0x1 0 0 0 0
0xFFFB 6 1 0 0
0x521 2 -6 6 0
0x0 0 1313 1 0
0x1 0 0 0 0
0xFFFE 6 1 0 0
0x521 0 -6 6 0
0x0 0 1313 -5 0
0x1 0 0 0 0
0xFFFE 6 1 0 0
0x521 -6 1 6 0
0x0 0 1313 6 0
0x1 0 0 0 0
0x2 6 1 0 0
0x521 -6 -1 6 0
0x0 0 1313 -4 0
0x1 0 0 0 0
0x3 6 1 0 0
0x521 -3 -5 6 0
0x0 0 1313 -5 0
0x1 0 0 0 0
0x1 6 1 0 0
0x521 6 2 6 0
0x0 0 1313 5 0
0x1 0 0 0 0
0x5 6 1 0 0
0x521 5 3 6 0
0x0 0 1313 -5 0
0x1 0 0 0 0
0x4 6 1 0 0
0x521 4 4 6 0
0x0 0 1928 -5 0
0x1 0 0 0 0
0xFFFD 11 1 0 0
0x789 -5 -4 16 0
0x0 0 465 1 0
0x1 0 0 0 0
0xFFFA 26 1 0 0
0x522 -4 -4 26 0
0x0 0 1314 1 0
0x1 0 0 0 0
0xFFFD 26 1 0 0
0x522 5 -4 26 0
0x0 0 1314 4 0
0x1 0 0 0 0
0xFFFA 26 1 0 0
0x522 6 -2 26 0
0x0 0 1314 2 0
0x1 0 0 0 0
0xFFFB 26 1 0 0
0x522 -4 -5 26 0
0x0 0 1314 -1 0
0x1 0 0 0 0
0xFFFA 26 1 0 0
0x522 6 -1 26 0
0x0 0 1314 3 0
0x1 0 0 0 0
0xFFFB 26 1 0 0
0x522 6 0 26 0
0x0 0 1314 6 0
0x1 0 0 0 0
0x2 26 1 0 0
0x8C0 -4 -4 26 0
0x0 0 2239 -4 0
0x1 0 0 0 0
0x3 26 1 0 0
0x1D0 -6 1 26 0
0x0 0 1314 4 0
0x1 0 0 0 0
0xFFFA 26 1 0 0
0x522 5 4 26 0
0x0 0 464 -2 0
0x1 0 0 0 0
0x6 26 1 0 0
0x522 -1 6 26 0
0x0 0 1314 -2 0
0x1 0 0 0 0
0x5 26 1 0 0
0x522 4 5 26 0
0x0 0 463 1 0
0x1 0 0 0 0
0x6 26 1 0 0
0x522 1 6 26 0
0x0 0 1314 -6 0
0x1 0 0 0 0
0x5 26 1 0 0
0x522 -4 5 26 0
0x0 0 1314 2 0
0x1 0 0 0 0
0x2 26 1 0 0
0x1D0 2 6 26 0
0x0 0 1314 -5 0
0x1 0 0 0 0
0x6 26 1 0 0
0x522 -4 4 26 0
0x0 0 1314 -5 0
0x1 0 0 0 0
0xFFFA 31 1 0 0
0x788 0 -6 31 0
0x0 0 1928 -1 0
0x1 0 0 0 0
0xFFFA 36 1 0 0
0x788 -1 -6 41 0
0x0 0 1928 0 0
0x1 0 0 0 0
0xFFFC 46 1 0 0
0x523 -5 -4 46 0
0x0 0 1315 -3 0
0x1 0 0 0 0
0xFFFB 46 1 0 0
0x523 3 5 46 0
0x0 0 1315 4 0
0x1 0 0 0 0
0xFFFA 46 1 0 0
0x523 0 6 46 0
0x0 0 1315 1 0
0x1 0 0 0 0
0x6 46 1 0 0
0x1D0 2 6 46 0
0x0 0 464 0 0
0x1 0 0 0 0
0x6 46 1 0 0
0x523 -5 -3 46 0
0x0 0 1315 -6 0
0x1 0 0 0 0
0xFFFF 46 1 0 0
0x523 5 4 46 0
0x0 0 1315 4 0
0x1 0 0 0 0
0x3 46 1 0 0
0x523 6 2 46 0
0x0 0 1315 6 0
0x1 0 0 0 0
0x0 46 1 0 0
0x788 -5 -4 46 0
0x0 0 1928 -5 0
0x1 0 0 0 0
0x6 46 1 0 0
0x789 -6 -2 46 0
0x0 0 464 -2 0
0x1 0 0 0 0
0x2 46 1 0 0
0x523 4 -5 46 0
0x0 0 1315 -5 0
0x1 0 0 0 0
0x1 46 1 0 0
0x523 3 -5 46 0
0x0 0 1315 -6 0
0x1 0 0 0 0
0x0 46 1 0 0
0x1D1 1 -6 46 0
0x0 0 1315 6 0
0x1 0 0 0 0
0x4 46 1 0 0
0x523 2 -6 46 0
0x0 0 1315 -4 0
0x1 0 0 0 0
0x6 46 1 0 0
0x523 -2 6 46 0
0x0 0 1315 4 0
0x1 0 0 0 0
0xFFFC 46 1 0 0
0x523 -4 5 46 0
0x0 0 1315 -3 0
0x1 0 0 0 0
0xFFFA 46 1 0 0
0x523 6 -2 46 0
0x0 0 1315 5 0
0x1 0 0 0 0
0xFFFC 51 1 0 0
0x789 -5 -3 51 0
0x0 0 1929 -5 0
0x1 0 0 0 0
0x6 66 1 0 0
0x523 -2 -6 66 0
0x0 0 1315 0 0
0x1 0 0 0 0
0xFFFA 66 1 0 0
0x523 -4 -5 66 0
0x0 0 1315 -3 0
0x1 0 0 0 0
0xFFFC 66 1 0 0
0x523 2 6 66 0
0x0 0 1315 4 0
0x1 0 0 0 0
0x5 66 1 0 0
0x523 5 4 66 0
0x0 0 1315 4 0
0x1 0 0 0 0
0x3 66 1 0 0
0x523 6 2 66 0
0x0 0 1315 6 0
0x1 0 0 0 0
0x0 66 1 0 0
0x523 0 6 66 0
0x0 0 1315 4 0
0x1 0 0 0 0
0xFFFB 66 1 0 0
0x523 1 6 66 0
0x0 0 1315 2 0
0x1 0 0 0 0
0xFFFA 66 1 0 0
0x1E9 1 6 66 0
0x0 0 489 0 0
0x1 0 0 0 0
0xFFFC 66 1 0 0
0x523 5 -4 66 0
0x0 0 1315 5 0
0x1 0 0 0 0
0x1 66 1 0 0
0x523 -4 5 66 0
0x0 0 1315 6 0
0x1 0 0 0 0
0x2 66 1 0 0
0x523 -3 5 66 0
0x0 0 2238 -6 0
0x1 0 0 0 0
0x3 66 1 0 0
0x8C0 -6 1 66 0
0x0 0 1315 6 0
0x1 0 0 0 0
0x6 66 1 0 0
0x8C0 -4 -4 66 0
0x0 0 489 -1 0
0x1 0 0 0 0
0xFFFC 66 1 0 0
0x523 -4 4 66 0
0x0 0 1315 -1 0
0x1 0 0 0 0
0x6 66 1 0 0
0x1E9 2 6 66 0
0x0 0 1315 -5 0
0x1 0 0 0 0
0x6 69 1 0 0
0x1E9 1 6 69 0
0x0 0 489 0 0
0x1 0 0 0 0
0x6 69 1 0 0
0x1E9 -2 6 69 0
0x0 0 489 -1 0
0x1 0 0 0 0
0x6 72 1 0 0
0x1E9 -1 -7 0 0
0x0 0 489 -2 0
0x1 0 0 0 0
0xFFF9 0 1 0 0
0x1E9 1 -7 0 0
0x0 0 490 -7 0
0x1 0 0 0 0
0xFFFE 0 1 0 0
0x1E9 -4 6 0 0
0x0 0 490 -7 0
0x1 0 0 0 0
0x2 0 1 0 0
0x1EA -7 0 0 0
0x0 0 489 -3 0
0x1 0 0 0 0
0x6 0 1 0 0
0x1E9 2 -7 0 0
0x0 0 489 4 0
0x1 0 0 0 0
0x7 1 1 0 0
0x78A 2 7 1 0
0x0 0 1932 -1 0
0x1 0 0 0 0
0x7 1 1 0 0
0x1EA -7 -2 3 0
0x0 0 489 2 0
0x1 0 0 0 0
0xFFF9 3 1 0 0
0x1E9 0 -7 3 0
0x0 0 490 -7 0
0x1 0 0 0 0
0x6 3 1 0 0
0x1E9 3 6 3 0
0x0 0 489 -1 0
0x1 0 0 0 0
0x2 3 1 0 0
0x1E9 -2 -7 3 0
0x0 0 489 -4 0
0x1 0 0 0 0
0x1 3 1 0 0
0x1E9 -3 6 3 0
0x0 0 490 -7 0
0x1 0 0 0 0
0x0 6 1 0 0
0x1D0 4 6 6 0
0x0 0 1313 4 0
0x1 0 0 0 0
0x6 6 1 0 0
0x521 5 5 6 0
0x0 0 1313 6 0
0x1 0 0 0 0
0x3 6 1 0 0
0x521 6 -3 6 0
0x0 0 1313 6 0
0x1 0 0 0 0
0x6 6 1 0 0
0x1D0 2 -7 6 0
0x0 0 464 1 0
0x1 0 0 0 0
0xFFF9 6 1 0 0
0x521 5 -5 6 0
0x0 0 1313 4 0
0x1 0 0 0 0
0xFFFA 6 1 0 0
0x521 7 2 6 0
0x0 0 1313 7 0
0x1 0 0 0 0
0x6 6 1 0 0
0x1D1 -7 0 6 0
0x0 0 465 -7 0
0x1 0 0 0 0
0x2 6 1 0 0
0x1D0 7 -2 6 0
0x0 0 464 -3 0
0x1 0 0 0 0
0xFFFD 6 1 0 0
0x521 -3 6 6 0
0x0 0 1313 7 0
0x1 0 0 0 0
0x6 6 1 0 0
0x521 -5 5 6 0
0x0 0 1313 -6 0
0x1 0 0 0 0
0xFFFE 6 1 0 0
0x521 -6 3 6 0
0x0 0 464 -1 0
0x1 0 0 0 0
0xFFF9 6 1 0 0
0x521 -4 -6 6 0
0x0 0 465 -7 0
0x1 0 0 0 0
0xFFFF 6 1 0 0
0x788 -5 -5 6 0
0x0 0 1313 -6 0
0x1 0 0 0 0
0xFFFB 6 1 0 0
0x521 -3 -6 6 0
0x0 0 1928 -6 0
0x1 0 0 0 0
0xFFFC 6 1 0 0
0x788 -5 -5 11 0
0x0 0 1929 -6 0
0x1 0 0 0 0
0xFFFC 11 1 0 0
0x788 -5 -5 16 0
0x0 0 1929 -6 0
0x1 0 0 0 0
0xFFFB 21 1 0 0
0x522 6 3 26 0
0x0 0 465 -7 0
0x1 0 0 0 0
0x1 26 1 0 0
0x1D0 -2 -7 26 0
0x0 0 1314 6 0
0x1 0 0 0 0
0xFFF9 26 1 0 0
0x1D0 -4 6 26 0
0x0 0 1314 -3 0
0x1 0 0 0 0
0x6 26 1 0 0
0x522 5 5 26 0
0x0 0 1314 -5 0
0x1 0 0 0 0
0x6 26 1 0 0
0x522 4 6 26 0
0x0 0 464 4 0
0x1 0 0 0 0
0x6 26 1 0 0
0x522 -6 4 26 0
0x0 0 1314 -6 0
0x1 0 0 0 0
0x0 26 1 0 0
0x522 7 1 26 0
0x0 0 1314 7 0
0x1 0 0 0 0
0xFFFE 26 1 0 0
0x1D1 -7 0 26 0
0x0 0 467 -3 0
0x1 0 0 0 0
0xFFF9 26 1 0 0
0x522 5 -5 26 0
0x0 0 464 2 0
0x1 0 0 0 0
0xFFFA 26 1 0 0
0x1D1 -7 -1 26 0
0x0 0 1314 3 0
0x1 0 0 0 0
0xFFFA 26 1 0 0
0x522 -3 -6 26 0
0x0 0 1314 7 0
0x1 0 0 0 0
0xFFFE 26 1 0 0
0x1D0 0 -7 26 0
0x0 0 1314 6 0
0x1 0 0 0 0
0xFFFC 26 1 0 0
0x1D1 -7 2 46 0
0x0 0 465 -7 0
0x1 0 0 0 0
0xFFFB 46 1 0 0
0x788 -6 -3 46 0
0x0 0 1928 -6 0
0x1 0 0 0 0
0xFFFC 46 1 0 0
0x523 6 -3 46 0
0x0 0 1315 4 0
0x1 0 0 0 0
0x6 46 1 0 0
0x1D0 -3 6 46 0
0x0 0 467 4 0
0x1 0 0 0 0
0x6 46 1 0 0
0x523 7 -2 46 0
0x0 0 1315 7 0
0x1 0 0 0 0
0xFFF9 46 1 0 0
0x1D0 1 -7 46 0
0x0 0 464 2 0
0x1 0 0 0 0
0x6 46 1 0 0
0x1D0 -2 -7 46 0
0x0 0 464 -1 0
0x1 0 0 0 0
0x3 46 1 0 0
0x523 6 4 46 0
0x0 0 1315 -6 0
0x1 0 0 0 0
0xFFFC 46 1 0 0
0x523 -5 -5 46 0
0x0 0 1315 5 0
0x1 0 0 0 0
0xFFFA 46 1 0 0
0x523 -4 -6 46 0
0x0 0 1315 3 0
0x1 0 0 0 0
0x6 46 1 0 0
0x523 7 0 46 0
0x0 0 1315 -5 0
0x1 0 0 0 0
0x1 46 1 0 0
0x523 7 2 46 0
0x0 0 1315 -6 0
0x1 0 0 0 0
0xFFFA 46 1 0 0
0x1D1 -7 0 46 0
0x0 0 1315 -3 0
0x1 0 0 0 0
0x3 46 1 0 0
0x1D1 -7 -2 46 0
0x0 0 1928 -5 0
0x1 0 0 0 0
0xFFFF 46 1 0 0
0x788 -6 -4 51 0
0x0 0 1929 -6 0
0x1 0 0 0 0
0xFFFB 51 1 0 0
0x788 -5 -5 56 0
0x0 0 1929 -6 0
0x1 0 0 0 0
0xFFFB 61 1 0 0
0x788 -7 1 61 0
0x0 0 1315 6 0
0x1 0 0 0 0
0xFFFD 66 1 0 0
0x523 5 5 66 0
0x0 0 1315 4 0
0x1 0 0 0 0
0xFFFB 66 1 0 0
0x1E9 2 -7 66 0
0x0 0 1315 3 0
0x1 0 0 0 0
0xFFFE 66 1 0 0
0x1E9 1 -7 66 0
0x0 0 489 0 0
0x1 0 0 0 0
0xFFFF 66 1 0 0
0x523 7 0 66 0
0x0 0 488 -7 0
0x1 0 0 0 0
0x6 66 1 0 0
0x1E9 -3 6 66 0
0x0 0 1315 -3 0
0x1 0 0 0 0
0x6 66 1 0 0
0x523 -5 5 66 0
0x0 0 1315 -6 0
0x1 0 0 0 0
0x3 66 1 0 0
0x523 -4 -6 66 0
0x0 0 1315 7 0
0x1 0 0 0 0
0xFFFA 66 1 0 0
0x1EA -7 -1 66 0
0x0 0 490 -7 0
0x1 0 0 0 0
0xFFF9 66 1 0 0
0x1E9 -1 -7 66 0
0x0 0 1315 4 0
0x1 0 0 0 0
0x4 66 1 0 0
0x1E9 4 6 66 0
0x0 0 489 3 0
0x1 0 0 0 0
0x1 66 1 0 0
0x523 6 3 66 0
0x0 0 1315 3 0
0x1 0 0 0 0
0x2 66 1 0 0
0x524 -7 2 66 0
0x0 0 489 0 0
0x1 0 0 0 0
0xFFF9 69 1 0 0
0x1E9 4 6 69 0
0x0 0 489 1 0
0x1 0 0 0 0
0xFFF9 69 1 0 0
0x1E9 3 6 69 0
0x0 0 489 -1 0
0x1 0 0 0 0
0xFFFE 69 1 0 0
0x1EA -7 -1 69 0
0x0 0 489 -3 0
0x1 0 0 0 0
0x6 69 1 0 0
0x1E8 -7 0 69 0
0x0 0 489 -1 0
0x1 0 0 0 0
0xFFFF 72 1 0 0
0x1E9 1 -7 72 0
0x0 0 489 -3 0
0x1 0 0 0 0
0x0 72 1 0 0
0x1E9 3 6 72 0
0x0 0 489 6 0
0x1 0 0 0 0
0xFFFD 0 1 0 0
0x1E9 5 6 0 0
0x0 0 490 -7 0
0x1 0 0 0 0
0x0 0 1 0 0
0x1EA 8 -2 0 0
0x0 0 489 -4 0
0x1 0 0 0 0
0x6 0 1 0 0
0x1E9 -6 6 0 0
0x0 0 490 8 0
0x1 0 0 0 0
0xFFF9 0 1 0 0
0x1EA -7 4 0 0
0x0 0 490 -7 0
0x1 0 0 0 0
0x2 0 1 0 0
0x1E9 4 -7 0 0
0x0 0 490 8 0
0x1 0 0 0 0
0xFFF9 0 1 0 0
0x789 0 8 1 0
0x0 0 1929 1 0
0x1 0 0 0 0
0x8 1 1 0 0
0x78E 2 8 1 0
0x0 0 489 -4 0
0x1 0 0 0 0
0xFFFC 3 1 0 0
0x1EA 8 -1 3 0
0x0 0 490 8 0
0x1 0 0 0 0
0xFFF9 3 1 0 0
0x1EA 8 2 3 0
0x0 0 490 8 0
0x1 0 0 0 0
0x6 3 1 0 0
0x1E9 -5 6 3 0
0x0 0 490 -7 0
0x1 0 0 0 0
0xFFFD 3 1 0 0
0x1E9 4 -7 3 0
0x0 0 490 -7 0
0x1 0 0 0 0
0x6 3 1 0 0
0x1EA 8 0 3 0
0x0 0 489 6 0
0x1 0 0 0 0
0xFFF9 3 1 0 0
0xB9E 4 7 5 0
0x0 0 1313 6 0
0x1 0 0 0 0
0xFFFF 6 1 0 0
0x1CF 8 -2 6 0
0x0 0 464 4 0
0x1 0 0 0 0
0xFFF9 6 1 0 0
0x521 8 -2 6 0
0x0 0 1313 8 0
0x1 0 0 0 0
0xFFFB 6 1 0 0
0x521 7 -4 6 0
0x0 0 1313 7 0
0x1 0 0 0 0
0x6 6 1 0 0
0x521 6 6 6 0
0x0 0 1313 5 0
0x1 0 0 0 0
0x5 6 1 0 0
0x521 8 2 6 0
0x0 0 1313 8 0
0x1 0 0 0 0
0xFFFA 6 1 0 0
0x521 8 0 6 0
0x0 0 1313 5 0
0x1 0 0 0 0
0x2 6 1 0 0
0x1D1 8 1 6 0
0x0 0 465 8 0
0x1 0 0 0 0
0xFFFA 6 1 0 0
0x1D0 6 6 6 0
0x0 0 1313 -6 0
0x1 0 0 0 0
0x6 6 1 0 0
0x1D0 -6 6 6 0
0x0 0 1313 -5 0
0x1 0 0 0 0
0x6 6 1 0 0
0x521 -6 6 6 0
0x0 0 465 -7 0
0x1 0 0 0 0
0xFFF9 6 1 0 0
0x1D0 -3 -7 6 0
0x0 0 465 -7 0
0x1 0 0 0 0
0x5 6 1 0 0
0x521 7 3 6 0
0x0 0 1313 7 0
0x1 0 0 0 0
0xFFFA 6 1 0 0
0x521 -6 -6 6 0
0x0 0 465 -7 0
0x1 0 0 0 0
0xFFFC 6 1 0 0
0x788 -5 -6 11 0
0x0 0 1928 -6 0
0x1 0 0 0 0
0xFFFA 11 1 0 0
0x788 -6 -5 16 0
0x0 0 1928 -5 0
0x1 0 0 0 0
0xFFFA 16 1 0 0
0x788 -6 -6 21 0
0x0 0 1929 -6 0
0x1 0 0 0 0
0xFFFA 21 1 0 0
0x1D4 -7 3 26 0
0x0 0 464 6 0
0x1 0 0 0 0
0x4 26 1 0 0
0x1D1 8 -1 26 0
0x0 0 465 8 0
0x1 0 0 0 0
0xFFFD 26 1 0 0
0x1D1 8 0 26 0
0x0 0 1314 8 0
0x1 0 0 0 0
0x1 26 1 0 0
0x522 8 0 26 0
0x0 0 1314 6 0
0x1 0 0 0 0
0xFFFE 26 1 0 0
0x522 8 -1 26 0
0x0 0 465 -7 0
0x1 0 0 0 0
0xFFF9 26 1 0 0
0x1D0 -4 -7 26 0
0x0 0 1314 6 0
0x1 0 0 0 0
0xFFFA 26 1 0 0
0x522 6 -6 26 0
0x0 0 1314 -5 0
0x1 0 0 0 0
0x6 26 1 0 0
0x1D0 -6 6 26 0
0x0 0 465 8 0
0x1 0 0 0 0
0xFFF9 26 1 0 0
0x1D0 3 -7 26 0
0x0 0 1314 7 0
0x1 0 0 0 0
0x6 26 1 0 0
0x1D1 8 1 26 0
0x0 0 467 5 0
0x1 0 0 0 0
0xFFFC 26 1 0 0
0x522 -6 5 26 0
0x0 0 1314 6 0
0x1 0 0 0 0
0x6 26 1 0 0
0x522 7 4 26 0
0x0 0 1314 7 0
0x1 0 0 0 0
0x6 46 1 0 0
0x523 -6 6 46 0
0x0 0 1315 8 0
0x1 0 0 0 0
0x2 46 1 0 0
0x523 8 1 46 0
0x0 0 1315 6 0
0x1 0 0 0 0
0x6 46 1 0 0
0x1D1 8 0 46 0
0x0 0 1315 6 0
0x1 0 0 0 0
0x1 46 1 0 0
0x523 5 -6 46 0
0x0 0 1315 -6 0
0x1 0 0 0 0
0x5 46 1 0 0
0x523 -6 -5 46 0
0x0 0 464 -3 0
0x1 0 0 0 0
0xFFF9 46 1 0 0
0x523 -5 -6 46 0
0x0 0 1315 5 0
0x1 0 0 0 0
0xFFFE 46 1 0 0
0x523 6 6 46 0
0x0 0 1315 7 0
0x1 0 0 0 0
0xFFFC 46 1 0 0
0x523 7 4 46 0
0x0 0 465 -7 0
0x1 0 0 0 0
0xFFFA 46 1 0 0
0x523 -6 -6 46 0
0x0 0 1928 -5 0
0x1 0 0 0 0
0x3 46 1 0 0
0x1D1 -7 4 46 0
0x0 0 1928 -6 0
0x1 0 0 0 0
0x0 46 1 0 0
0x1D0 -5 6 46 0
0x0 0 1315 7 0
0x1 0 0 0 0
0xFFFE 46 1 0 0
0x1D0 5 6 46 0
0x0 0 465 8 0
0x1 0 0 0 0
0xFFFD 46 1 0 0
0x1D0 4 -7 46 0
0x0 0 464 6 0
0x1 0 0 0 0
0xFFF9 46 1 0 0
0x1D1 8 -1 46 0
0x0 0 1928 -6 0
0x1 0 0 0 0
0xFFFA 51 1 0 0
0x786 -8 1 51 0
0x0 0 1928 -6 0
0x1 0 0 0 0
0xFFFB 56 1 0 0
0x788 -5 -6 56 0
0x0 0 1928 -6 0
0x1 0 0 0 0
0x1 56 1 0 0
0x788 -5 -6 61 0
0x0 0 1928 -8 0
0x1 0 0 0 0
0xFFFA 61 1 0 0
0x789 -6 -5 61 0
0x0 0 1315 8 0
0x1 0 0 0 0
0x0 66 1 0 0
0x523 5 -6 66 0
0x0 0 1315 6 0
0x1 0 0 0 0
0x5 66 1 0 0
0x524 -7 4 66 0
0x0 0 489 6 0
0x1 0 0 0 0
0xFFFD 66 1 0 0
0x523 7 4 66 0
0x0 0 1315 8 0
0x1 0 0 0 0
0x1 66 1 0 0
0x523 5 6 66 0
0x0 0 1315 6 0
0x1 0 0 0 0
0x1 66 1 0 0
0x523 8 0 66 0
0x0 0 1315 7 0
0x1 0 0 0 0
0x0 66 1 0 0
0x523 7 3 66 0
0x0 0 1315 6 0
0x1 0 0 0 0
0x6 66 1 0 0
0x1EA 8 -1 66 0
0x0 0 489 -5 0
0x1 0 0 0 0
0x5 66 1 0 0
0x523 -5 6 66 0
0x0 0 1315 -6 0
0x1 0 0 0 0
0x6 66 1 0 0
0x1EA -7 -3 66 0
0x0 0 490 -7 0
0x1 0 0 0 0
0xFFF9 66 1 0 0
0x1E9 -3 -7 66 0
0x0 0 1316 -8 0
0x1 0 0 0 0
0x3 66 1 0 0
0x1E9 4 -7 66 0
0x0 0 489 3 0
0x1 0 0 0 0
0xFFFF 66 1 0 0
0x1EA 8 -2 66 0
0x0 0 490 8 0
0x1 0 0 0 0
0xFFF9 69 1 0 0
0x1E9 -5 6 69 0
0x0 0 489 6 0
0x1 0 0 0 0
0x6 69 1 0 0
0x1E9 -3 -7 69 0
0x0 0 490 8 0
0x1 0 0 0 0
0x6 69 1 0 0
0x1E9 -8 0 69 0
0x0 0 489 3 0
0x1 0 0 0 0
0xFFFF 69 1 0 0
0x1E9 -4 -7 69 0
0x0 0 490 -7 0
0x1 0 0 0 0
0xFFFC 69 1 0 0
0x1E9 -5 6 72 0
0x0 0 489 3 0
0x1 0 0 0 0
0x6 72 1 0 0
0x1EA -7 -3 72 0
0x0 0 490 8 0
0x1 0 0 0 0
0xFFF9 72 1 0 0
0x1EA 8 4 0 0
0x0 0 490 -7 0
0x1 0 0 0 0
0x5 0 1 0 0
0x1EA 8 -3 0 0
0x0 0 489 -5 0
0x1 0 0 0 0
0x6 0 1 0 0
0x1EA 8 -5 0 0
0x0 0 489 -6 0
0x1 0 0 0 0
0xFFF9 0 1 0 0
0x1E9 6 -7 0 0
0x0 0 490 8 0
0x1 0 0 0 0
0x5 0 1 0 0
0x1EA -7 -6 0 0
0x0 0 490 -7 0
0x1 0 0 0 0
0x3 0 1 0 0
0x1E9 7 6 3 0
0x0 0 490 8 0
0x1 0 0 0 0
0xFFFD 3 1 0 0
0x1EA 8 4 3 0
0x0 0 489 -6 0
0x1 0 0 0 0
0xFFF9 3 1 0 0
0x1EA -7 -5 3 0
0x0 0 490 -7 0
0x1 0 0 0 0
0xFFFB 3 1 0 0
0x1EA 8 5 3 0
0x0 0 490 -7 0
0x1 0 0 0 0
0xFFF9 3 1 0 0
0x1E9 6 -7 3 0
0x0 0 490 8 0
0x1 0 0 0 0
0xFFF9 6 1 0 0
0x1D0 -5 -7 6 0
0x0 0 1313 7 0
0x1 0 0 0 0
0x5 6 1 0 0
0x1D1 -7 5 6 0
0x0 0 465 -7 0
0x1 0 0 0 0
0xFFFA 6 1 0 0
0x1D1 -7 -5 6 0
0x0 0 1313 8 0
0x1 0 0 0 0
0xFFFC 6 1 0 0
0x521 8 -5 6 0
0x0 0 464 6 0
0x1 0 0 0 0
0xFFF9 6 1 0 0
0x521 7 -5 6 0
0x0 0 465 8 0
0x1 0 0 0 0
0xFFFC 6 1 0 0
0x1D1 8 -5 6 0
0x0 0 1313 8 0
0x1 0 0 0 0
0x4 6 1 0 0
0x521 8 3 6 0
0x0 0 465 8 0
0x1 0 0 0 0
0x4 6 1 0 0
0x1D1 8 3 6 0
0x0 0 464 7 0
0x1 0 0 0 0
0xFFFA 6 1 0 0
0x1D1 8 -5 26 0
0x0 0 468 8 0
0x1 0 0 0 0
0x3 26 1 0 0
0x522 8 -3 26 0
0x0 0 1314 8 0
0x1 0 0 0 0
0xFFFB 26 1 0 0
0x1D4 8 -3 26 0
0x0 0 1314 8 0
0x1 0 0 0 0
0x4 26 1 0 0
0x522 8 3 26 0
0x0 0 465 8 0
0x1 0 0 0 0
0x5 26 1 0 0
0x1D1 -7 -5 26 0
0x0 0 465 -7 0
0x1 0 0 0 0
0xFFFA 26 1 0 0
0x1D0 -6 -7 26 0
0x0 0 464 -5 0
0x1 0 0 0 0
0x6 26 1 0 0
0x522 7 -5 26 0
0x0 0 1314 7 0
0x1 0 0 0 0
0xFFF9 26 1 0 0
0x1D0 5 -7 26 0
0x0 0 1314 7 0
0x1 0 0 0 0
0x6 26 1 0 0
0x1D0 7 6 26 0
0x0 0 465 -7 0
0x1 0 0 0 0
0x6 46 1 0 0
0x1D1 8 -3 46 0
0x0 0 465 -7 0
0x1 0 0 0 0
0x6 46 1 0 0
0x523 7 5 46 0
0x0 0 468 8 0
0x1 0 0 0 0
0x3 46 1 0 0
0x785 9 1 46 0
0x0 0 465 8 0
0x1 0 0 0 0
0xFFF9 46 1 0 0
0x1D3 7 6 46 0
0x0 0 1315 8 0
0x1 0 0 0 0
0x6 46 1 0 0
0x523 8 -5 46 0
0x0 0 1315 8 0
0x1 0 0 0 0
0xFFFD 46 1 0 0
0x1D1 8 5 46 0
0x0 0 465 8 0
0x1 0 0 0 0
0xFFF9 46 1 0 0
0x1D0 5 -7 46 0
0x0 0 1315 7 0
0x1 0 0 0 0
0xFFFA 46 1 0 0
0x523 8 5 46 0
0x0 0 464 -6 0
0x1 0 0 0 0
0xFFFA 46 1 0 0
0x523 8 4 46 0
0x0 0 1928 9 0
0x1 0 0 0 0
0x6 51 1 0 0
0x788 9 1 56 0
0x0 0 1928 -7 0
0x1 0 0 0 0
0x1 56 1 0 0
0x788 -7 6 61 0
0x0 0 1928 9 0
0x1 0 0 0 0
0x1 61 1 0 0
0x1E9 -5 -7 66 0
0x0 0 489 -6 0
0x1 0 0 0 0
0xFFFA 66 1 0 0
0x1EA -7 -5 66 0
0x0 0 489 9 0
0x1 0 0 0 0
0x5 66 1 0 0
0x523 8 4 66 0
0x0 0 1315 8 0
0x1 0 0 0 0
0x1 66 1 0 0
0x524 9 3 66 0
0x0 0 1316 9 0
0x1 0 0 0 0
0x1 66 1 0 0
0x524 -9 2 66 0
0x0 0 1316 -9 0
0x1 0 0 0 0
0x0 66 1 0 0
0x523 8 -5 66 0
0x0 0 1315 8 0
0x1 0 0 0 0
0xFFFD 66 1 0 0
0x1EA 8 -4 66 0
0x0 0 490 8 0
0x1 0 0 0 0
0xFFFD 66 1 0 0
0x524 -7 6 66 0
0x0 0 1316 -7 0
0x1 0 0 0 0
0x3 66 1 0 0
0x524 -8 4 66 0
0x0 0 1316 -8 0
0x1 0 0 0 0
0x6 66 1 0 0
0x1E9 7 6 66 0
0x0 0 1315 7 0
0x1 0 0 0 0
0xFFFB 66 1 0 0
0x1E9 6 -7 66 0
0x0 0 489 5 0
0x1 0 0 0 0
0x5 66 1 0 0
0x523 7 6 66 0
0x0 0 489 7 0
0x1 0 0 0 0
0x0 69 1 0 0
0x1E9 -7 6 69 0
0x0 0 490 8 0
0x1 0 0 0 0
0xFFFC 69 1 0 0
0x1EA 8 -3 69 0
0x0 0 489 5 0
0x1 0 0 0 0
0xFFF9 69 1 0 0
0x1E9 9 0 69 0
0x0 0 490 -7 0
0x1 0 0 0 0
0xFFFB 69 1 0 0
0x1E9 -6 -7 69 0
0x0 0 489 -5 0
0x1 0 0 0 0
0xFFFB 72 1 0 0
0x1E9 -5 -7 72 0
0x0 0 490 8 0
0x1 0 0 0 0
0xFFFB 72 1 0 0
0x1E9 -7 6 72 0
0x0 0 489 7 0
0x1 0 0 0 0
0xFFF9 72 1 0 0
0x1E9 -9 0 72 0
0x0 0 489 9 0
0x1 0 0 0 0
0xFFF9 0 1 0 0
0x1EA 8 -6 0 0
0x0 0 488 8 0
0x1 0 0 0 0
0xFFF9 0 1 0 0
0x1E9 7 -7 3 0
0x0 0 490 8 0
0x1 0 0 0 0
0xFFFA 6 1 0 0
0x1D0 7 -7 6 0
0x0 0 466 -7 0
0x1 0 0 0 0
0xFFFA 6 1 0 0
0x1CF 8 6 6 0
0x0 0 1313 8 0
0x1 0 0 0 0
0xFFF9 26 1 0 0
0x522 8 6 26 0
0x0 0 463 8 0
0x1 0 0 0 0
0xFFFA 26 1 0 0
0x1D2 -7 -7 26 0
0x0 0 1314 8 0
0x1 0 0 0 0
0x6 46 1 0 0
0x523 8 -6 46 0
0x0 0 466 -7 0
0x1 0 0 0 0
0xFFF9 46 1 0 0
0x1CF 8 6 46 0
0x0 0 465 8 0
0x1 0 0 0 0
0x1 51 1 0 0
0x786 -8 6 51 0
0x0 0 1928 -8 0
0x1 0 0 0 0
0x1 56 1 0 0
0x786 -10 1 61 0
0x0 0 1928 10 0
0x1 0 0 0 0
0x6 61 1 0 0
0x524 10 2 66 0
0x0 0 1316 10 0
0x1 0 0 0 0
0x5 66 1 0 0
0x524 9 4 66 0
0x0 0 489 7 0
0x1 0 0 0 0
0x0 66 1 0 0
0x524 -10 2 66 0
0x0 0 1316 -10 0
0x1 0 0 0 0
0x3 66 1 0 0
0x1E9 -8 6 66 0
0x0 0 1316 -9 0
0x1 0 0 0 0
0x4 66 1 0 0
0x1E9 10 0 66 0
0x0 0 489 8 0
0x1 0 0 0 0
0x6 66 1 0 0
0x524 -8 6 66 0
0x0 0 1315 8 0
0x1 0 0 0 0
0xFFF9 66 1 0 0
0x1EA 8 -6 66 0
0x0 0 1316 -10 0
0x1 0 0 0 0
0x1 66 1 0 0
0x1E9 -10 0 69 0
0x0 0 491 -7 0
0x1 0 0 0 0
0x6 69 1 0 0
0x1E9 7 -7 69 0
0x0 0 490 8 0
0x1 0 0 0 0
0x6 69 1 0 0
0x1E9 10 0 69 0
0x0 0 474 -7 0
0x1 0 0 0 0
0xFFF9 72 1 0 0
0x1E9 8 -7 0 0
0x0 0 464 8 0
0x1 0 0 0 0
0xFFF9 26 1 0 0
0x1D0 8 -7 46 0
0x0 0 1925 9 0
0x1 0 0 0 0
0x6 51 1 0 0
0x788 9 6 56 0
0x0 0 1926 -9 0
0x1 0 0 0 0
0x1 56 1 0 0
0x788 -9 6 61 0
0x0 0 1928 9 0
0x1 0 0 0 0
0x1 61 1 0 0
0x1E9 11 0 66 0
0x0 0 489 9 0
0x1 0 0 0 0
0x6 66 1 0 0
0x1E9 8 -7 66 0
0x0 0 1316 11 0
0x1 0 0 0 0
0x3 66 1 0 0
0x524 11 1 66 0
0x0 0 1316 10 0
0x1 0 0 0 0
0x5 66 1 0 0
0x1E9 -9 6 66 0
0x0 0 1316 -9 0
0x1 0 0 0 0
0x5 66 1 0 0
0x524 -10 4 66 0
0x0 0 490 -11 0
0x1 0 0 0 0
0x2 66 1 0 0
0x1EB -11 0 66 0
0x0 0 490 -11 0
0x1 0 0 0 0
0x0 69 1 0 0
0x1E9 9 6 69 0
0x0 0 489 -9 0
0x1 0 0 0 0
0x0 69 1 0 0
0x1EA -11 2 69 0
0x0 0 490 -11 0
0x1 0 0 0 0
0x3 69 1 0 0
0x1E9 8 -7 69 0
0x0 0 490 -11 0
0x1 0 0 0 0
0x0 72 1 0 0
0x1E9 9 6 72 0
0x0 0 490 -11 0
0x1 0 0 0 0
0x0 72 1 0 0
0x1E9 -9 6 72 0
0x0 0 474 8 0
0x1 0 0 0 0
0x6 51 1 0 0
0x788 10 6 56 0
0x0 0 1925 12 0
0x1 0 0 0 0
0x6 61 1 0 0
0x786 -10 6 61 0
0x0 0 490 12 0
0x1 0 0 0 0
0x2 66 1 0 0
0x1EA 12 3 66 0
0x0 0 490 -11 0
0x1 0 0 0 0
0x6 66 1 0 0
0x1E9 12 0 66 0
0x0 0 489 10 0
0x1 0 0 0 0
0x6 66 1 0 0
0x524 11 5 66 0
0x0 0 1316 -10 0
0x1 0 0 0 0
0x4 66 1 0 0
0x524 11 4 66 0
0x0 0 1316 12 0
0x1 0 0 0 0
0x2 66 1 0 0
0x524 12 1 66 0
0x0 0 490 12 0
0x1 0 0 0 0
0x0 69 1 0 0
0x1EA 12 3 69 0
0x0 0 490 12 0
0x1 0 0 0 0
0x6 69 1 0 0
0x1E9 -10 6 69 0
0x0 0 490 -11 0
0x1 0 0 0 0
0x5 69 1 0 0
0x1DA 12 0 72 0
0x0 0 490 12 0
0x1 0 0 0 0
0x3 72 1 0 0
0x1EA -11 5 72 0
0x0 0 1925 11 0
0x1 0 0 0 0
0x6 61 1 0 0
0x788 11 6 61 0
0x0 0 1316 12 0
0x1 0 0 0 0
0x5 66 1 0 0
0x1E8 12 6 66 0
0x0 0 1316 11 0
0x1 0 0 0 0
0x6 66 1 0 0
0x524 12 6 66 0
0x0 0 490 12 0
0x1 0 0 0 0
0x4 66 1 0 0
0x1EA -11 6 66 0
0x0 0 490 -11 0
0x1 0 0 0 0
0x6 69 1 0 0
0x1E8 12 6 69 0
0x0 0 490 12 0
0x1 0 0 0 0
0x4 69 1 0 0
0x1EA 12 5 72 0
0x0 0 489 11 0
