0x1 0 0 0 0
0x1 0 0 0 0
0x3 7 0 0 0
0xBD2 2 4 5 0
0x1 0 0 0 0
0x4AB -1 -1 7 0
0x1 0 0 0 0
0x4A9 1 1 7 0
0x1 0 0 0 0
0x4A9 0 -1 7 0
0x1 0 0 0 0
0x5B5 -1 -1 30 0
0x1 0 0 0 0
0x1 33 1 0 0
0x5B3 1 -1 36 0
0x1 0 0 0 0
0x1 36 1 0 0
0x4AD -2 1 7 0
0x1 0 0 0 0
0x4B0 1 -2 7 0
0x1 0 0 0 0
0x4AD -2 -1 7 0
0x1 0 0 0 0
0x2 7 1 0 0
0x4AB 2 0 7 0
0x1 0 0 0 0
0x2 7 1 0 0
0x5B5 -2 -1 27 0
0x1 0 0 0 0
0x1 27 1 0 0
0x5B5 -1 -2 30 0
0x1 0 0 0 0
0x5B5 0 2 33 0
0x1 0 0 0 0
0x5B4 2 1 33 0
0x1 0 0 0 0
0x64 3 0 0 0
0x1 0 0 0 0
0x3 0 1 0 0
0x63 0 3 0 0
0x1 0 0 0 0
0x63 0 -3 0 0
0x1 0 0 0 0
0x64 -3 0 0 0
0x1 0 0 0 0
0x4B0 2 -2 7 0
0x1 0 0 0 0
0x3 7 1 0 0
0x205 1 3 7 0
0x1 0 0 0 0
0x4AD -2 2 7 0
0x1 0 0 0 0
0x3 7 1 0 0
0x204 3 -1 7 0
0x1 0 0 0 0
0x1 7 1 0 0
0x4AF 3 0 7 0
0x1 0 0 0 0
0x4AE -1 3 7 0
0x1 0 0 0 0
0x204 -3 0 7 0
0x1 0 0 0 0
0x2 7 1 0 0
0x20B -1 3 27 0
0x1 0 0 0 0
0x3 27 1 0 0
0x5B5 -2 -2 27 0
0x1 0 0 0 0
0x3 30 1 0 0
0x20B 0 3 30 0
0x1 0 0 0 0
0x5B4 3 1 30 0
0x1 0 0 0 0
0x3 33 1 0 0
0x5B4 2 2 33 0
0x1 0 0 0 0
0x3 33 1 0 0
0x5B3 1 3 36 0
0x1 0 0 0 0
0x63 -2 -3 0 0
0x1 0 0 0 0
0x2 0 1 0 0
0x65 3 3 0 0
0x1 0 0 0 0
0x63 2 3 0 0
0x1 0 0 0 0
0x64 3 -2 0 0
0x1 0 0 0 0
0x4 2 1 0 0
0x751 0 4 2 0
0x1 0 0 0 0
0x2 7 1 0 0
0x4B1 3 3 7 0
0x1 0 0 0 0
0x3 7 1 0 0
0x1FF 3 3 7 0
0x1 0 0 0 0
0x204 3 2 7 0
0x1 0 0 0 0
0x200 3 -3 7 0
0x1 0 0 0 0
0x2 7 1 0 0
0x206 -3 -2 7 0
0x1 0 0 0 0
0x3 7 1 0 0
0x201 -3 3 7 0
0x1 0 0 0 0
0x3 27 1 0 0
0x5B4 4 2 27 0
0x1 0 0 0 0
0x3 27 1 0 0
0x5B5 -2 4 27 0
0x1 0 0 0 0
0x5B4 4 -2 27 0
0x1 0 0 0 0
0x5B4 3 2 30 0
0x1 0 0 0 0
0x3 30 1 0 0
0x5B5 0 4 33 0
0x1 0 0 0 0
0x3 33 1 0 0
0x5B3 1 4 36 0
0x1 0 0 0 0
0x4 30 1 0 0
0x5B4 4 4 27 0
